
72 256 137 278 138 4014 171 531 174 536 175 535 185 288 216 292 262 409 269 544 488 1012 489 1014 490 1013 610 1266 611 1265 851 1310 1036 1443 1165 1546 1167 1667 1301 1679 1304 1680 1553 2022 1679 2355 1687 2182 1690 2367 1692 2369 1786 2580 1873 2735 1983 2867 1986 2868 2133 3071 2315 3991 2316 3993 2335 4006 2339 261 2342 3836 2343 3837 2349 3834 2350 3835 2366 3595 2429 4008 2432 4017 2513 401 2525 4021 2533 4024 2534 4023 2535 4022 2536 4025 2550 3865 2554 3680 2555 3679 2556 74 2599 3905 2600 3912 2605 3809 2642 4080 2647 3915 2648 4078 2652 217 2696 427 2707 4095 3067 1032 3390 1177 3404 1064 4025 1766 
112 285 215 37 741 239 1027 3718 1165 491 2315 3378 2336 3386 2408 3468 2420 3282 2499 3475 2524 3190 2534 3072 2535 3130 2700 3136 2755 3214 2823 3221 2824 3222 2833 3146 2834 3147 2844 3155 2932 3229 2937 3227 2942 3232 2948 3238 2953 53 2957 3161 2958 3108 2962 3112 3074 3321 3077 3326 3082 3332 3087 3113 3088 3165 3256 3343 3257 3444 3264 3251 3273 109 3384 3506 3404 3358 3407 3362 3408 3364 3556 3610 3557 3611 3566 3369 3697 3713 3698 3714 3701 3715 3704 3617 3844 3821 3855 3825 3868 3622 4023 3833 
124 1305 138 1090 156 1538 160 1551 161 1554 162 1555 216 1333 269 1825 318 1989 375 2073 500 2210 631 2360 718 2439 719 2440 804 2585 805 2581 806 2580 811 2586 925 2707 926 2708 980 2817 1302 3194 1394 3197 1396 3196 2250 514 2287 726 2339 1052 2393 1271 2428 1084 2429 1083 2431 1089 2435 1321 2478 1559 2489 1576 2509 1587 2523 1323 2554 1168 2555 1167 2557 1175 2600 1656 2601 1422 2602 1423 2603 1424 2605 1428 2617 1608 2619 1824 2652 1688 2708 1904 2709 1911 2714 1701 2716 1927 2850 2083 2860 2094 2958 2215 3049 2432 3077 2346 3087 2363 3200 2435 3201 2436 3207 2437 3253 2489 3254 2488 3256 2500 3257 2623 3264 2494 3325 2567 3410 2629 3458 2562 3459 2564 3473 2683 3559 2626 3622 2670 3632 2833 3704 2901 3705 2904 3706 2908 3710 2775 3722 2777 3788 2824 3886 2921 


155 69 160 71 161 72 243 185 253 193 264 129 279 81 287 31 288 30 290 32 291 33 292 35 364 261 365 3461 372 270 379 200 380 201 401 3390 402 85 409 3200 523 291 528 3472 531 295 537 3393 538 297 544 3201 553 4 581 44 586 48 713 153 715 3304 716 155 717 157 718 3305 776 50 895 3408 896 223 897 224 902 3306 1013 317 1014 318 1057 171 1059 175 1260 3570 1261 3571 1262 383 1263 382 1267 473 1268 474 1306 330 1310 329 1319 332 1379 476 1380 534 1382 535 1427 407 1428 408 1474 521 1475 3771 1481 524 1482 525 1486 531 1487 579 1498 3791 1499 3792 1503 3881 1505 594 1538 3719 1541 409 1542 490 1545 492 1546 491 1592 3873 1620 599 1660 493 1662 3829 1696 654 1697 652 1703 3989 1704 3994 1713 728 1718 3946 1727 4006 1728 4005 1729 4011 1730 4012 1731 673 1732 674 1770 634 1820 3988 1833 4068 1845 4077 1846 4078 1847 4084 1848 4085 1849 734 1853 4088 1858 4016 1859 4017 1928 4060 1939 887 1946 900 1952 896 2003 766 2051 1085 2342 960 2436 1927 2445 1936 2633 2068 2771 2321 3009 2712 3088 2960 3093 2715 3832 3176 3833 3180 3836 3177 3837 3178 3838 3179 3986 3456 3987 3377 3988 3375 3991 3378 3992 3379 3993 3381 3998 3274 4001 3279 4003 3277 4006 3385 4012 3185 4014 3189 4016 3192 4018 3193 4022 3130 4023 3072 4024 3073 
22 888 27 900 82 1418 116 1143 125 1399 151 835 152 837 160 847 161 848 203 1669 205 1671 209 1679 210 1686 211 1685 217 1688 225 1923 251 1034 252 1035 253 1036 260 1051 261 1052 264 1054 269 1064 270 1070 277 1076 281 1079 282 1091 292 1333 333 1898 334 1897 341 1908 365 1273 373 1033 378 1044 379 1056 380 1059 395 1306 397 1312 401 1314 406 1606 465 2070 501 1260 502 1261 505 1263 506 1255 509 1265 512 1271 513 1270 515 1272 518 1288 519 1289 528 1298 532 1583 535 1588 536 1589 538 1596 544 1825 626 1250 630 1507 635 1246 637 1248 643 1526 654 1522 661 1547 662 1538 664 1550 665 1548 673 1569 678 1577 690 1593 691 1594 714 1989 715 1988 716 1826 805 1488 806 1486 814 1498 821 1509 827 1514 828 1762 831 1524 832 1525 834 1780 835 1767 839 1773 840 1774 843 1781 844 1783 845 1786 847 1535 848 1534 850 1788 851 1537 856 1551 857 1543 858 1553 859 1552 864 1556 881 1813 982 1764 983 1765 998 1975 1004 1978 1114 2136 1122 2141 1123 2140 1133 2300 1267 2439 1268 2440 1271 2448 1272 2447 1381 2587 1498 2588 1503 2708 1611 2865 1733 3005 1860 3161 2253 3520 2254 3511 2260 3521 2263 3523 2382 3425 2399 3643 2400 3644 2403 3659 2404 3660 2427 3698 2428 3702 2429 3703 2434 3507 2437 3512 2438 3711 2592 3637 2593 3652 2595 3654 2598 3668 2604 3663 2610 3671 2615 3672 2620 3857 2626 3861 2627 3868 2628 3870 2631 3706 2758 3860 2759 3865 2763 3862 2764 3869 2768 3873 2769 3874 2770 3876 3564 635 3565 637 3645 864 3653 880 3654 883 3657 1119 3666 1140 3668 1146 3669 1145 3672 1153 3673 1152 3679 1167 3680 1168 3685 1173 3686 1174 3689 1176 3702 1424 3732 1110 3761 1369 3767 1388 3769 1386 3770 1387 3771 1395 3773 1385 3775 1391 3777 1393 3783 1396 3785 1400 3789 1405 3791 1397 3792 1398 3795 1407 3798 1413 3799 1678 3800 1415 3803 1681 3809 1428 3811 1436 3860 1349 3872 1366 3911 1657 3912 1656 3914 1668 3925 1684 3933 1687 3937 1691 3939 1689 3945 1693 3952 1916 3953 1699 3954 1701 3961 1712 4008 1083 4009 1084 4013 1087 4030 1610 4087 1677 



320 41 322 42 382 240 383 239 385 3568 473 245 474 246 476 250 534 251 642 342 645 3832 646 3831 647 344 648 348 651 3837 652 351 659 3912 663 3853 673 371 674 372 720 413 721 3907 722 414 729 416 730 3917 737 429 775 408 788 3975 798 3991 802 3988 804 4062 805 3996 815 581 869 4056 875 554 882 558 889 637 899 577 902 573 980 692 1323 1984 1393 1035 1516 1839 1518 1991 1519 1992 1684 2171 1835 2001 1837 2002 1841 2004 1842 2008 1843 2009 1849 2010 1853 2012 1854 2013 1856 2017 1857 2016 1911 1775 2003 2189 2009 2025 2011 2032 2014 2201 2062 1779 2063 1778 2150 2333 2151 2332 2153 2334 2161 2206 2166 2202 2169 2205 2171 2213 2172 2212 2177 2223 2178 2222 2179 2225 2184 1912 2194 2065 2200 2066 2205 2070 2208 2077 2283 2351 2294 2354 2301 2365 2303 2237 2307 2239 2309 2244 2310 2364 2324 2247 2404 2373 2628 2421 2631 2270 2634 2424 2635 2425 2873 2603 3497 3450 3498 3447 3575 3570 3578 3575 3580 3577 3697 3700 3698 3701 3763 225 3858 3764 3863 3766 3864 3768 3867 3769 3873 3778 3878 3785 3880 3788 3881 3789 3923 3830 3925 3836 3933 3840 3934 361 3937 3843 3938 3849 3942 3851 3982 3833 3991 3910 3995 3909 3996 3908 3997 3911 4001 3993 4002 3916 4004 3918 4012 4005 4045 3959 4053 3964 4060 3971 4070 3990 4076 3998 4077 3999 4079 3995 4080 4000 4084 4001 4090 4072 
35 22 155 29 156 28 726 344 731 457 737 469 798 536 899 554 984 604 1086 678 1094 778 1777 1494 1867 2300 1919 1736 1929 1623 2009 2311 2010 2484 2011 2316 2069 1741 2162 2492 2169 2494 2208 2030 2243 842 2246 844 2294 2503 2298 2509 2301 2512 2376 946 2626 2066 2638 1921 2756 1932 3130 16 3201 25 3202 27 3572 3859 3697 3874 3698 3873 3880 243 3881 239 3938 4042 3946 4050 3948 245 3949 244 3989 4037 3993 4039 3998 343 4002 349 4005 467 4006 468 4012 470 
35 1333 71 847 72 848 122 1053 126 1049 127 1050 129 1054 132 1065 155 1826 193 1036 196 1055 200 1056 201 1059 206 1291 207 1060 214 1305 216 1600 283 1287 292 1290 303 1604 349 1281 354 1594 473 2439 474 2440 1868 3122 1869 3115 2145 3262 2146 3263 2147 3259 2148 3260 2149 3266 2152 3267 2154 3417 2160 3433 2168 3435 2175 3440 2186 3676 2190 3679 2272 3414 2273 3424 2275 3425 2276 3629 2277 3630 2282 3636 2296 3671 2305 3677 2306 3678 3120 853 3175 845 3185 1079 3188 1089 3194 1323 3197 1606 3198 1607 3199 1608 3201 1825 3202 1824 3213 1998 3304 1988 3326 2346 3336 2492 3343 2500 3344 2501 3389 1303 3390 1314 3396 1315 3430 2480 3444 2623 3471 1574 3480 1598 3519 2913 3575 2442 3616 2900 3617 2901 3622 2916 3623 2917 3628 3056 3679 2435 3685 2437 3686 2438 3697 2595 3724 2911 3725 3050 3729 3052 3783 2580 3784 2581 3786 2587 3872 2700 3881 2708 3915 3197 3948 2866 3949 2867 4003 2995 4015 3007 




364 232 413 444 414 333 417 345 437 248 438 249 469 443 482 451 485 539 502 471 552 525 576 553 579 549 618 597 633 607 642 617 691 668 706 684 708 685 773 754 779 760 849 877 864 886 866 1014 870 890 927 994 938 1006 950 1010 956 1022 959 895 960 896 1014 1119 1024 1231 1036 1131 1040 1236 1041 1237 1158 1219 1160 1339 1163 1337 1173 1229 1174 1347 1176 1348 1191 1253 1192 1254 1278 844 1306 1451 1316 1461 1317 1464 1318 1466 1319 1467 1323 1473 1327 1475 1328 1476 1331 1477 1332 1486 1343 1494 1422 1061 1459 1691 1460 1690 1484 1582 1487 1584 1488 1587 1491 1594 1492 1484 1495 1592 1499 1596 1500 1597 1502 1489 1507 1610 1509 1612 1511 1501 1515 1618 1516 1619 1573 1174 1575 1180 1577 1068 1578 1181 1579 1182 1609 1839 1610 1699 1614 1843 1617 1706 1620 1708 1622 1710 1624 1595 1626 1713 1633 1599 1634 1719 1635 1720 1636 1718 1637 1601 1639 1721 1640 1722 1641 1723 1642 1727 1643 1606 1644 1608 1645 1607 1647 1614 1651 1736 1655 1617 1657 1626 1659 1737 1663 1625 1664 1624 1706 1281 1733 1972 1738 1978 1739 2133 1747 1846 1750 1850 1757 1851 1758 2003 1759 2002 1760 1852 1763 1861 1764 1869 1765 1864 1766 1865 1767 1733 1770 1872 1772 1870 1774 1878 1780 1881 1781 1882 1784 1741 1787 1890 1791 1892 1805 1519 1806 1384 1812 1393 1813 1392 1816 1396 1851 2288 1852 2289 1854 2137 1857 2140 1859 2142 1862 2286 1863 2287 1865 2297 1871 2154 1873 2300 1877 2156 1883 1997 1886 1994 1894 2159 1899 1996 1902 2006 1906 2013 1909 2012 1915 2020 1918 1883 1921 1886 1922 1889 1926 1893 1956 1525 1958 1653 1963 1530 2002 2472 2003 2473 2005 2292 2006 2293 2010 2294 2015 2480 2018 2482 2021 2307 2023 2306 2025 2311 2026 2314 2027 2315 2032 2316 2033 2161 2036 2165 2037 2168 2038 2170 2039 2169 2043 2324 2044 2325 2050 2174 2054 2176 2055 2328 2058 2177 2059 2180 2061 2329 2062 2172 2065 2021 2066 2184 2069 2192 2077 2030 2078 2031 2081 2196 2121 1788 2126 1654 2138 1658 2139 1535 2157 1540 2187 2478 2188 2479 2191 2486 2196 2490 2199 2660 2200 2661 2205 2494 2209 2498 2213 2332 2221 2346 2223 2500 2224 2499 2227 2337 2229 2347 2230 2341 2231 2342 2235 2345 2240 2190 2241 2191 2242 2189 2246 2353 2248 2355 2268 1783 2269 1910 2278 1922 2319 2655 2323 2663 2326 2667 2328 2829 2333 2662 2335 2668 2336 2664 2337 2673 2338 2672 2340 2669 2341 2670 2343 2671 2344 2681 2346 2676 2349 2683 2353 2504 2354 2503 2355 2508 2356 2510 2357 2685 2358 2686 2359 2687 2365 2512 2366 2513 2371 2517 2372 2516 2377 2514 2378 2526 2416 2067 2418 2217 2421 2069 2430 2085 2438 1929 2460 1945 2469 1804 2503 2851 2508 2691 2510 2856 2511 2857 2513 2858 2515 2854 2520 2861 2530 2862 2532 2697 2534 2699 2537 2873 2577 2223 2609 2236 2611 2242 2613 1939 2615 2100 2622 2106 2709 2554 2714 2375 2718 2378 2721 2561 2734 2397 2749 2254 2787 2874 2824 2396 2825 2400 2826 2401 2827 2402 2920 2897 2921 2896 2929 2747 2934 2749 2935 2750 2944 2909 2945 2761 2959 2585 2961 2764 2970 2778 3063 2910 3068 3016 3073 2773 3077 2925 3213 3011 3215 3151 3223 3159 3227 3160 3231 3023 3233 3027 3244 2931 3256 2944 3329 3262 3330 3261 3346 3276 3352 3170 3353 3171 3357 3162 3358 3163 3359 3293 3360 3166 3361 3167 3368 3178 3370 3032 3372 3033 3373 3034 3445 31 3446 30 3447 3757 3569 151 3570 152 3575 3764 3582 36 3583 37 3698 3869 3699 3870 3700 3874 3769 212 3774 221 3778 227 3788 243 3789 239 3838 215 3839 325 3841 326 3846 336 3847 335 3849 4042 3850 340 3851 339 3852 351 3857 244 3858 245 3904 4036 3908 4041 3909 4040 3910 4038 3911 342 3916 349 3918 356 3919 468 3920 467 3923 358 3927 360 3972 526 3980 445 3983 449 3987 533 3988 538 3989 452 3991 536 3992 450 4003 462 4005 470 4008 547 4058 530 4065 548 4069 546 
482 349 577 425 638 477 643 541 699 534 705 535 785 604 786 605 824 1582 942 828 1020 3213 1137 886 1149 3437 1158 3352 1173 3372 1201 973 1302 3565 1311 1171 1312 1170 1317 1177 1319 3510 1323 3516 1343 3454 1344 3456 1503 3574 1509 3582 1512 1193 1515 1276 1639 3664 1641 3666 1644 3578 1649 1368 1651 3672 1652 3673 1653 3584 1655 3586 1665 3589 1767 3740 1774 1523 1784 3676 1922 3747 2061 4093 2069 3887 2077 3886 2242 4020 2247 4024 2248 1786 3454 134 3461 55 3581 2594 3583 139 3857 296 3902 276 3995 2720 4046 175 





34 226 510 248 653 319 654 2681 738 437 739 2749 742 2813 743 380 746 2901 748 2907 858 2883 860 2889 863 500 870 2974 872 2904 875 590 883 670 947 1571 963 2962 975 573 976 574 993 659 1006 766 1009 3134 1112 3206 1123 3216 1124 3217 1128 3215 1129 910 1135 3223 1137 3299 1138 3300 1142 3305 1144 922 1218 3351 1219 3352 1220 3358 1222 3357 1225 3287 1226 3285 1227 3360 1229 3372 1231 3289 1236 3303 1237 3302 1239 916 1242 3307 1246 969 1292 3775 1298 1410 1322 1050 1323 1046 1332 1055 1335 3354 1336 3355 1345 3371 1346 3370 1352 3380 1357 971 1420 1585 1421 1584 1437 3500 1464 1177 1466 3512 1467 3510 1471 3514 1473 3516 1475 1180 1481 3513 1482 3517 1483 3519 1484 3521 1485 1067 1486 3524 1492 3450 1493 3452 1494 3454 1495 3455 1497 3527 1560 3702 1562 3630 1570 3565 1575 3639 1583 3515 1590 3650 1595 3653 1597 3571 1600 3661 1602 3575 1605 3576 1607 3667 1608 3578 1609 3579 1610 3580 1612 3582 1613 3581 1614 3583 1615 3585 1617 3586 1618 1276 1623 1277 1669 1733 1685 3711 1686 3712 1687 3786 1697 3725 1698 3727 1699 3728 1701 3641 1703 3647 1709 3654 1710 3657 1716 3662 1721 3664 1723 3666 1728 1365 1729 1366 1730 3669 1733 3740 1736 3672 1741 3676 1819 1816 1834 3797 1837 3799 1841 3801 1846 3803 1848 3804 1849 3871 1851 1520 1854 3810 1855 3811 1856 3812 1862 3739 1863 3738 1869 3815 1875 3741 1877 3817 1878 1523 1889 3747 1983 3941 1988 3945 1991 3875 1992 3876 1995 3946 2006 3877 2017 3880 2021 3884 2023 3885 2134 3994 2154 4076 2155 4077 2156 4079 2157 4078 2162 4081 2165 4009 2179 4017 2183 3951 2185 3954 2189 4020 2192 3887 2194 3956 2195 3957 2286 1953 2292 2018 2306 4084 2313 1958 2314 1959 2318 1961 2324 4089 2329 4093 2330 4094 2352 4023 2355 1786 2500 1969 2646 2169 2691 2119 3764 220 3765 2591 3766 2590 3871 2597 3872 2596 
498 162 738 444 739 368 858 529 860 533 882 570 1124 653 1191 1895 1196 1803 1218 3661 1219 3663 1221 958 1226 864 1309 2006 1323 1221 1331 3743 1453 1118 1454 3747 1460 1128 1466 3813 1467 3757 1473 3818 1481 3817 1485 968 1519 156 1523 157 1570 3985 1571 3900 1572 3901 1582 3822 1586 3905 1590 3911 1595 3915 1601 3829 1605 1140 1606 1145 1608 1147 1610 1059 1646 2894 1650 2895 1697 1465 1701 3993 1703 3997 1704 1360 1707 3998 1709 3914 1712 4001 1714 3919 1716 3920 1718 3917 1721 3921 1723 1265 1727 1263 1728 1264 1787 340 1792 3086 1795 2993 1851 1471 1863 4013 1883 4024 1889 3933 1910 3090 1912 429 1917 512 2066 3305 2067 3304 2069 3213 2183 1549 3767 2736 3962 128 






42 135 45 140 74 189 89 200 90 201 92 204 93 203 106 215 174 302 252 312 266 332 275 244 280 342 317 411 328 323 331 426 337 432 341 436 345 443 348 350 351 451 356 361 374 3172 387 435 402 448 403 444 406 449 409 453 411 456 415 460 416 464 425 463 450 509 452 514 454 512 469 517 471 521 475 466 485 532 486 533 487 535 502 721 514 590 515 589 518 595 519 600 525 603 526 520 530 607 535 530 537 531 571 726 583 668 587 672 588 673 601 615 602 683 607 618 650 730 656 733 665 745 728 804 734 897 735 898 736 808 741 736 744 820 745 822 746 739 748 742 754 825 755 824 757 831 758 832 761 747 765 836 766 837 767 756 772 842 773 759 775 763 779 761 780 768 811 955 821 828 828 839 833 845 837 847 838 846 842 850 845 855 868 1030 881 963 882 964 891 906 893 970 896 971 901 911 903 912 905 915 910 914 912 918 951 1047 960 1050 964 984 967 986 969 926 974 998 1025 1295 1027 1117 1028 1299 1029 1300 1030 1302 1031 1303 1036 1217 1038 3888 1041 1119 1048 1121 1049 1124 1050 1126 1058 1048 1066 1060 1067 1062 1069 1069 1073 1001 1074 1000 1075 999 1076 1003 1113 1404 1115 1405 1121 1317 1122 1414 1123 1415 1129 1416 1133 1418 1137 1221 1139 1224 1140 1225 1143 1312 1152 1227 1155 1229 1157 1234 1160 1236 1166 1134 1167 1135 1170 1238 1172 1240 1173 1239 1174 1243 1176 1244 1177 1147 1178 1144 1185 3844 1186 1153 1188 1063 1189 1067 1190 1068 1191 1158 1193 1076 1194 1077 1227 1497 1228 1500 1231 1503 1239 1318 1241 1326 1242 1329 1246 1330 1248 1336 1249 1334 1252 1339 1254 1247 1257 1343 1258 1344 1261 1345 1270 1261 1275 1169 1277 1172 1284 1078 1312 1603 1313 1604 1315 1605 1321 1427 1324 1423 1326 1434 1331 1512 1336 1438 1337 1439 1341 1445 1342 1348 1343 1349 1344 1350 1345 1351 1346 1352 1354 1360 1357 1363 1359 1259 1366 1367 1370 1264 1391 1680 1392 1681 1399 1686 1400 1684 1401 1685 1424 1518 1427 1525 1429 1532 1430 1526 1431 1527 1436 1529 1437 1535 1442 4026 1445 1451 1448 1373 1450 1375 1452 1378 1472 1688 1475 1782 1478 1689 1479 1690 1480 1692 1481 1693 1482 1694 1483 1696 1484 1697 1493 1609 1494 1612 1495 1613 1497 1615 1498 1522 1500 1619 1504 1534 1509 1623 1512 1629 1532 1383 1580 1887 1581 1888 1583 1883 1584 1885 1585 1886 1590 1704 1591 1712 1592 1711 1593 1713 1594 1624 1595 1625 1596 1710 1601 1725 1604 1633 1605 1724 1608 1552 1611 1641 1612 1556 1613 1465 1614 1558 1616 1469 1619 1564 1644 2136 1653 1969 1664 1715 1665 1716 1666 1717 1668 1793 1669 1792 1672 1720 1674 1728 1675 1729 1678 1799 1679 1800 1681 1736 1682 1732 1685 1806 1688 1742 1689 1744 1690 1646 1691 1647 1692 1649 1693 1653 1740 1798 1742 1890 1747 1801 1749 1807 1750 1809 1753 1895 1758 1814 1759 1818 1760 1821 1762 1822 1763 1826 1764 1830 1765 1747 1775 1833 1779 1752 1781 1654 1785 1659 1817 1972 1821 1892 1827 1976 1828 1977 1831 1974 1834 1897 1845 1908 1846 1907 1850 1906 1851 1910 1852 1823 1853 1909 1856 1911 1859 1912 1860 1825 1862 1914 1864 1919 1867 1839 1869 1841 1874 1842 1875 1843 1877 1754 1878 1757 1881 1760 1885 1763 1942 1983 1943 1984 1944 1985 1945 1986 1947 2070 1960 2002 1961 2003 1962 1916 1964 2007 1976 1857 1978 1858 1983 1935 2017 2073 2020 2077 2023 2144 2026 2081 2028 2008 2031 2009 2032 2086 2035 2092 2036 2088 2038 2012 2039 2013 2040 2014 2050 2016 2051 2021 2052 2025 2057 2029 2058 1948 2061 1945 2103 2154 2104 2090 2106 2157 2107 2155 2111 2095 2112 2096 2113 2097 2115 2162 2116 2163 2119 2104 2120 2105 2127 2035 2161 2219 2164 2222 2165 2223 2167 2225 2172 2224 2173 2226 2175 2229 2179 2231 2181 2166 2183 2233 2191 2177 2193 2168 2203 2180 2204 2181 2205 2185 2206 2187 2263 2302 2265 2238 2273 2242 2280 2186 2329 2355 2332 2245 2334 2248 2374 188 2379 193 2381 194 2382 123 2384 206 2402 2585 2463 288 2464 2657 2467 197 2469 296 2472 199 2473 208 2476 205 2477 207 2479 210 2482 2668 2484 213 2485 214 2538 289 2540 2918 2542 2766 2543 294 2544 297 2546 299 2548 301 2550 2772 2552 304 2555 2673 2557 311 2561 2682 2566 222 2571 231 2572 226 2579 239 2580 240 2611 2923 2612 2924 2613 407 2614 306 2615 414 2616 413 2625 2941 2626 317 2627 2795 2629 321 2631 326 2632 2798 2633 327 2637 329 2638 236 2639 328 2641 2815 2644 245 2646 341 2647 2817 2649 250 2651 2828 2675 410 2676 2934 2677 2935 2679 415 2680 412 2687 2946 2688 422 2690 423 2692 424 2694 333 2697 431 2700 2956 2702 2957 2703 438 2704 338 2705 339 2706 439 2707 340 2709 2821 2710 2822 2711 2820 2712 346 2714 445 2715 446 2716 349 2720 358 2721 352 2722 353 2724 359 2725 360 2750 502 2753 3065 2754 3066 2755 2948 2756 2949 2759 2953 2763 2961 2765 442 2767 505 2770 447 2771 2969 2772 511 2774 2978 2775 2979 2777 454 2778 457 2782 2838 2783 362 2815 662 2816 666 2817 3186 2820 3069 2821 504 2822 507 2823 506 2829 3078 2830 518 2831 519 2833 3085 2835 465 2837 2985 2841 3090 2842 3089 2843 536 2844 3091 2849 2991 2873 3352 2884 661 2887 664 2896 3272 2899 3277 2901 591 2904 3190 2906 3194 2907 3195 2908 3193 2909 515 2911 3197 2912 3198 2913 3203 2918 610 2919 608 2920 609 2923 3092 2925 3096 2927 538 2928 3099 2930 3214 2931 625 2968 3273 2969 3274 2970 3275 2972 669 2974 3284 2976 3283 2981 677 2982 3286 2983 3209 2986 681 2988 3291 2989 3292 2991 3211 2994 3217 2996 3299 2997 619 3001 624 3002 3301 3003 3300 3032 3515 3049 3376 3050 3375 3051 3458 3053 729 3055 732 3057 3386 3058 3288 3059 3290 3060 3289 3065 3293 3066 3391 3068 688 3070 3394 3071 690 3072 3310 3073 3309 3074 3297 3075 3308 3076 3311 3077 3315 3102 3620 3105 3532 3109 895 3110 3459 3112 894 3114 806 3115 807 3117 3461 3121 3537 3122 809 3123 3464 3124 814 3125 3465 3126 3390 3128 3467 3129 833 3131 749 3132 3470 3133 838 3134 3397 3135 3475 3136 3398 3137 762 3138 3400 3139 3399 3141 766 3142 3402 3143 3403 3146 3404 3147 3405 3174 3622 3177 3708 3181 954 3182 3628 3184 953 3186 3630 3187 3631 3188 3534 3189 3633 3192 3539 3195 3635 3196 3634 3199 3542 3201 3543 3204 3546 3206 3544 3211 3472 3213 3550 3218 3561 3221 3476 3222 3480 3223 3478 3225 3482 3229 856 3267 3712 3268 1036 3269 3714 3271 3721 3276 3641 3279 3646 3280 3547 3281 3552 3282 3553 3283 908 3285 973 3286 975 3287 3557 3288 3654 3289 3558 3293 3559 3294 3560 3298 3563 3299 922 3300 921 3301 3567 3302 919 3303 920 3304 3483 3305 852 3309 3572 3311 3575 3312 925 3338 3800 3341 3724 3345 1042 3346 1041 3347 3725 3348 969 3349 3731 3350 3647 3351 968 3352 3649 3353 3732 3354 3737 3355 3738 3357 3651 3359 3653 3360 3650 3361 978 3362 979 3364 3739 3365 3740 3369 1049 3370 3744 3371 3743 3372 976 3373 3657 3374 3658 3375 3659 3376 3660 3378 3661 3380 985 3381 3668 3383 3669 3384 3670 3386 996 3387 995 3388 3580 3389 3674 3422 3802 3425 1120 3428 1223 3429 1122 3430 3808 3431 3813 3433 3810 3434 1125 3435 3814 3436 3811 3440 3815 3442 3822 3443 3823 3444 1051 3446 1052 3447 3745 3448 3752 3449 3666 3452 3754 3453 3749 3454 3750 3455 3751 3458 3756 3459 3758 3478 4065 3480 1406 3481 4069 3482 4070 3485 4071 3486 4072 3491 1220 3492 3891 3493 3893 3494 1313 3495 1310 3496 3968 3498 3898 3500 3975 3501 3900 3502 3902 3503 1231 3504 1232 3509 3909 3510 3829 3511 3830 3513 3836 3514 3833 3515 3912 3516 3835 3518 3838 3519 3839 3521 3840 3523 1154 3524 1152 3525 3841 3527 3852 3529 3759 3533 1167 3534 3760 3549 1420 3551 4075 3552 1421 3553 3976 3554 3977 3558 3980 3561 3984 3564 3908 3565 3990 3566 3991 3568 3921 3569 3924 3570 3923 3571 3933 3572 1155 3573 1156 3574 1252 3575 3853 3577 3935 3578 1257 3579 1258 3580 1164 3581 3856 3584 3937 3585 1170 3587 3857 3588 3858 3589 3861 3592 3864 3609 1599 3612 1602 3623 1426 3624 1429 3625 1511 3626 4079 3627 4080 3629 1424 3630 1431 3631 4083 3632 4085 3633 4084 3635 1433 3636 4089 3638 3995 3640 4094 3641 4095 3642 1347 3643 3996 3644 1346 3649 3998 3650 3999 3653 1353 3655 4009 3656 4006 3657 4007 3660 1251 3661 3934 3662 1361 3663 4027 3664 4015 3665 4019 3666 4020 3667 3940 3669 3941 3671 1262 3672 3943 3676 3947 3691 1683 3696 1606 3697 1607 3699 1691 3712 4092 3714 4091 3717 1441 3719 1528 3724 1442 3726 1530 3737 4030 3738 1454 3740 4032 3741 4038 3744 4043 3748 1376 3749 4046 3750 4045 3751 3948 3788 1523 3789 1524 3793 1621 3798 1539 3800 1630 3803 1543 3804 1635 3806 1548 3807 1547 3814 1456 3821 1462 3825 1463 3826 1466 3856 1708 3868 1634 3874 1639 3879 1553 3923 1789 3924 1790 3938 1730 3942 1805 3951 1648 3953 1561 3955 1657 3957 1650 3993 1893 3998 1816 3999 1815 4003 1813 4004 1819 4015 1746 4023 1755 4071 1979 4072 1990 4073 1896 4075 1904 4076 1991 4092 1836 4093 1834 
313 3004 317 267 318 266 377 367 437 444 496 620 502 536 563 720 566 627 568 541 570 539 571 543 572 544 577 553 578 552 586 453 630 828 632 3423 672 578 718 837 720 839 728 732 730 843 733 845 741 637 747 642 766 651 773 579 775 655 779 582 821 748 827 758 868 3726 877 1027 878 3651 879 3650 881 850 891 858 893 861 903 865 915 769 917 766 960 962 964 877 967 3580 969 878 1037 1334 1042 3887 1045 1109 1046 1221 1048 1111 1058 1038 1060 1040 1067 968 1068 969 1069 974 1139 1343 1149 1223 1150 1224 1151 1226 1152 1115 1154 1116 1155 1227 1157 3896 1162 1236 1165 1238 1170 1126 1172 1127 1174 1132 1180 1046 1184 1049 1187 1051 1188 1050 1194 979 1248 3979 1255 1243 1259 1246 1262 1247 1263 1248 1264 1251 1265 1252 1266 1135 1267 1141 1272 1060 1277 1063 1278 1064 1279 1065 1280 1066 1326 4087 1327 1458 1328 4086 1331 1533 1337 4089 1338 1354 1341 1366 1343 1253 1344 1257 1345 1258 1347 1254 1351 1363 1354 1260 1356 1267 1357 1266 1365 1264 1370 1154 1426 1628 1427 1536 1430 1539 1432 1541 1433 1542 1439 1368 1440 1369 1441 1469 1442 1370 1443 1371 1446 1374 1447 1375 1449 1274 1495 1633 1496 1634 1504 1544 1507 1545 1512 1638 1513 1467 1519 1472 1520 1471 1521 1473 1609 1475 1616 1388 1619 1393 1667 1823 1688 1645 1692 1480 1757 1730 1758 1834 1759 1835 1764 1737 1767 1734 1769 1735 1770 1736 1778 1646 1790 1554 1817 2214 1832 2025 1841 1914 1843 1917 1847 1921 1853 1839 1859 1840 1874 1738 1875 1739 1877 1648 1881 1556 1884 1651 1940 2115 1943 2116 1947 2121 1951 2041 1952 2040 1955 2044 1960 2045 1964 2048 1965 1845 1983 1748 2017 2217 2020 2126 2031 2050 2046 1940 2047 1941 2050 1936 2052 1942 2100 2232 2103 2320 2106 2319 2112 2133 2115 2136 2116 2137 2119 2141 2123 1952 2124 2057 2168 2408 2174 2332 2176 2333 2181 2240 2186 2245 2193 2144 2197 2147 2252 2414 2262 2416 2275 2251 2284 2152 2286 2261 2338 2263 2612 263 2615 187 2672 358 2675 270 2679 269 2748 369 2749 368 2750 278 2752 375 2754 376 2782 317 2796 139 2797 140 2805 3218 2809 527 2810 3224 2812 528 2813 3120 2814 3121 2815 3118 2820 381 2822 387 2823 386 2842 3056 2843 408 2852 137 2853 138 2855 232 2857 2745 2876 3415 2883 529 2884 530 2886 532 2887 3228 2889 533 2890 3122 2891 538 2892 3232 2895 450 2896 3137 2912 463 2924 410 2925 411 2933 233 2934 234 2957 3326 2960 3327 2961 3328 2962 542 2967 550 2968 3246 2972 456 2974 559 2976 3139 2977 3142 2983 466 3007 2969 3008 2968 3037 3424 3038 724 3040 3427 3042 3429 3043 3430 3046 3431 3047 3432 3048 3333 3051 3335 3055 635 3057 3263 3058 3267 3059 565 3060 566 3066 3269 3067 572 3068 570 3069 575 3070 3273 3072 3276 3094 3537 3098 3539 3101 728 3110 3434 3114 733 3115 3438 3116 3436 3118 3437 3121 3442 3122 636 3125 3340 3126 3344 3129 3352 3132 3354 3133 3355 3135 3361 3136 3357 3138 3282 3139 3283 3141 657 3142 3368 3143 3369 3144 580 3184 3642 3188 3543 3196 3648 3204 3446 3206 854 3207 3447 3215 759 3216 652 3217 653 3221 661 3223 3371 3226 771 3229 3478 3233 3381 3274 3653 3275 851 3276 3652 3282 3558 3285 864 3286 3569 3287 3563 3293 3454 3298 3456 3301 768 3302 3465 3303 3466 3305 773 3306 772 3307 3474 3309 774 3312 777 3344 1031 3347 956 3348 3662 3349 959 3350 3656 3351 3661 3352 3663 3357 3659 3359 3664 3371 961 3373 960 3380 880 3381 3579 3384 3583 3425 3805 3427 3885 3431 3807 3433 3741 3434 3808 3435 3811 3436 3742 3437 1036 3438 1035 3440 3810 3442 3749 3444 3669 3445 3670 3448 3675 3449 3674 3452 3682 3454 3676 3455 3677 3456 3684 3457 976 3458 977 3493 3892 3497 1222 3498 3890 3500 3972 3502 3895 3503 1229 3507 3812 3510 3757 3511 3758 3512 3813 3513 3817 3514 3815 3516 3818 3520 3760 3522 3820 3524 1054 3527 1055 3528 980 3529 3686 3530 3770 3558 4078 3561 3977 3563 3983 3564 3902 3565 3985 3566 3986 3567 3989 3568 3907 3569 3906 3570 3824 3571 3828 3572 1138 3573 1137 3574 1139 3575 3766 3576 1140 3578 1147 3580 1059 3581 3768 3585 1062 3587 3771 3589 1067 3592 3778 3593 3779 3629 4080 3630 4082 3635 1460 3637 4092 3638 3990 3640 3994 3641 3993 3643 3992 3644 3995 3645 3996 3646 1360 3647 3997 3648 1361 3650 3911 3653 3915 3654 3914 3655 3918 3656 3999 3660 1259 3661 3916 3662 3920 3664 3921 3665 3925 3666 1265 3669 3833 3671 1152 3674 1272 3676 1155 3715 4095 3716 4094 3725 1465 3734 1466 3735 4006 3736 4005 3738 4013 3740 4010 3741 3927 3742 1275 3744 1156 3746 1158 3747 3933 3748 1159 3749 3939 3750 3940 3751 3845 3788 1631 3789 1630 3798 1543 3818 4019 3820 4023 3823 4025 3825 1385 3826 1278 3886 4030 3951 1549 4023 1647 4024 1551 
313 3456 437 365 509 368 568 451 729 634 881 768 1048 1369 1049 1132 1050 1373 1150 1666 1152 1379 1155 1381 1156 1382 1161 1146 1162 1383 1166 1144 1167 1143 1169 1140 1174 1385 1176 1153 1253 1676 1255 1390 1259 1395 1267 1171 1338 1675 1341 1682 1343 1399 1346 1401 1354 1404 1356 1413 1357 1412 1432 1981 1439 1684 1446 1414 1447 1691 1448 1179 1604 2091 1764 2222 1767 2098 1772 2097 2670 256 2678 172 2745 3464 2748 263 2814 3554 2816 367 2884 441 2887 446 2891 3653 2896 3570 2957 3655 2958 3748 2959 3749 2962 452 2969 3668 2970 3667 3045 3752 3052 532 3122 535 3205 3872 3207 3870 3351 4000 3352 774 3357 780 3359 4004 3442 1138 3444 4013 3513 1151 3517 1156 3578 1172 3635 1855 3652 1400 3660 1403 3662 1407 3665 1409 3667 1176 3671 1177 3676 1180 3742 1419 3786 2203 3787 2204 3789 2088 3814 1693 3821 1425 3879 1866 
1152 2168 1176 2173 1336 2483 1343 2184 1351 2197 1425 2789 1430 2632 1513 2491 1520 2350 1604 2643 1605 2804 1760 2813 1779 2504 1786 2225 1862 2817 1867 2653 2115 3172 2119 3014 2123 2837 2189 3024 2193 3023 2196 2845 2197 2844 2276 3182 3349 1907 3370 1712 3371 1711 3429 2330 3431 2163 3434 2162 3436 2157 3498 2334 3509 2174 3559 2341 3571 1939 3579 1945 3642 2345 3644 2346 3654 2193 3655 2187 3656 2198 3659 2186 3660 1940 3661 1941 3662 2190 3663 2192 3669 1944 3724 2487 3740 2205 3741 1953 3789 2792 3798 2495 3814 2207 3867 2642 3874 2647 3881 2358 3884 2216 3952 2359 3956 2219 3957 2220 4018 2505 4022 2361 







156 2738 157 2735 162 61 163 60 164 132 199 96 254 129 255 134 257 226 259 139 260 140 303 2804 349 221 370 138 404 166 410 270 411 267 452 312 453 313 458 315 461 320 466 325 498 360 499 359 506 386 507 387 523 405 536 408 570 3104 571 3108 578 444 580 370 586 372 594 462 620 3161 624 487 655 523 657 3224 660 528 661 530 662 3118 663 533 665 538 668 555 669 456 684 476 687 477 688 570 689 575 692 490 694 577 720 535 721 536 722 542 725 3326 726 543 728 544 732 635 734 562 736 637 746 573 753 576 759 579 761 582 763 655 766 657 793 3416 795 3429 797 626 798 3430 800 3433 802 729 803 730 804 732 806 733 807 3438 809 636 811 743 812 744 820 645 828 748 833 3352 837 651 838 3355 843 660 852 773 853 772 855 667 856 3478 889 3537 891 3540 892 3541 894 844 906 858 909 859 910 866 912 865 914 760 917 874 918 762 919 3465 920 3466 925 777 926 878 949 3636 953 3642 955 3644 957 3646 960 847 963 850 968 3661 969 3662 970 861 973 864 974 3568 977 958 978 871 981 876 982 875 984 877 985 880 986 3580 987 971 994 883 1000 885 1030 3726 1031 3724 1032 3725 1034 3800 1040 1031 1048 1038 1050 962 1051 3669 1054 1039 1056 1045 1059 967 1062 968 1063 1050 1066 1053 1069 974 1077 979 1120 3805 1121 1111 1125 3808 1127 1116 1130 1118 1131 1119 1132 1123 1133 1120 1140 1041 1141 1042 1149 1049 1152 1054 1155 1138 1156 1137 1161 1057 1164 1059 1170 1062 1172 1063 1205 1676 1217 1213 1221 3883 1222 3967 1223 1216 1224 1343 1225 1344 1226 1225 1227 1115 1228 1117 1229 1227 1230 1228 1231 1229 1234 3896 1238 1126 1240 1127 1242 1131 1243 1132 1246 3903 1249 1249 1251 1259 1252 1139 1254 1144 1255 1145 1256 1146 1257 1147 1262 1152 1264 1154 1312 3971 1326 4072 1335 3978 1336 3979 1341 1242 1346 3995 1347 1357 1349 1253 1350 1257 1351 1258 1353 3915 1354 1256 1355 1261 1360 1260 1361 3920 1363 1266 1366 1262 1368 1264 1372 1271 1374 1157 1376 1159 1410 1596 1411 1597 1418 1698 1424 4080 1430 4086 1431 4082 1433 1460 1434 4087 1438 1461 1439 4089 1444 1365 1445 1366 1449 1372 1454 4013 1457 1379 1463 1385 1464 4026 1465 1389 1466 1278 1469 1388 1473 3851 1507 1793 1512 1533 1523 1631 1524 1630 1525 1536 1526 1539 1533 1629 1534 1544 1539 1543 1544 1469 1549 1472 1550 1474 1564 1393 1579 1184 1603 1803 1616 1636 1629 1638 1642 1642 1648 1549 1649 1480 1658 1481 1707 1717 1721 1816 1732 1722 1740 1644 1742 1645 1748 1735 1754 1648 1755 1647 1759 1555 1760 1556 1763 1652 1791 1822 1814 1834 1818 1835 1825 1841 1838 1842 1842 1738 1843 1739 1849 1741 1853 1649 1855 1653 1862 1746 1863 1747 1902 1911 1903 1912 1905 1925 1909 1839 1912 1840 1915 1926 1926 1931 1927 1932 1935 1748 1936 1749 1968 2305 1972 2214 1979 2033 1984 2116 1992 2038 2009 2050 2016 1936 2018 1933 2019 1934 2023 1944 2025 1942 2026 1945 2028 1949 2033 1953 2038 1958 2065 2310 2067 2312 2068 2313 2070 2121 2073 2217 2075 2220 2083 2128 2096 2133 2098 2134 2099 2135 2101 2055 2103 2056 2104 2141 2106 2057 2148 2231 2154 2320 2155 2234 2156 2235 2157 2319 2162 2136 2163 2137 2166 2240 2168 2144 2171 2246 2177 2248 2179 2146 2183 2149 2212 2543 2229 2411 2231 2334 2233 2335 2236 2345 2237 2341 2242 2347 2243 2349 2249 2262 2250 2264 2296 2468 2297 2415 2302 2469 2312 2428 2319 2363 2418 2576 2502 2582 2503 2583 2505 2584 2506 2585 2608 2741 2609 2740 2612 2654 2613 2655 2614 2656 2651 89 2652 92 2769 179 2774 185 2803 211 2807 210 2820 216 2823 304 2826 219 2830 2855 2838 317 2839 2951 2850 2744 2851 2745 2918 171 2923 260 2924 263 2925 2808 2927 2907 2928 2813 2929 2816 2930 186 2932 2908 2933 2910 2936 2912 2938 193 2939 194 2940 195 2975 309 2979 314 2982 318 2984 323 2985 327 2989 332 2995 2870 2996 2865 2997 2866 2999 2962 3000 2963 3001 2872 3002 233 3003 234 3004 2873 3005 2874 3006 2868 3007 2869 3054 355 3056 3006 3058 361 3064 2927 3066 376 3069 381 3071 385 3074 298 3076 388 3081 393 3083 3049 3089 3056 3090 3055 3091 3057 3096 411 3097 3061 3098 3058 3104 2966 3105 2967 3108 2969 3109 2968 3111 3068 3112 3069 3113 2970 3115 2972 3116 2971 3119 2974 3120 2975 3169 3110 3177 3008 3178 3012 3179 3015 3180 3014 3181 3114 3185 3133 3187 3029 3188 3032 3195 461 3198 463 3199 396 3203 3141 3208 3052 3209 466 3210 3054 3214 415 3216 3159 3260 3218 3261 3220 3264 3222 3267 3223 3268 3225 3269 3227 3272 3137 3273 3246 3276 3247 3278 453 3281 3138 3283 3139 3284 559 3288 3267 3289 566 3290 565 3293 3270 3294 3167 3295 481 3298 3274 3300 3174 3303 3177 3304 3178 3305 3179 3306 491 3308 3275 3310 3276 3311 3277 3315 3285 3356 3322 3362 3327 3367 3236 3368 3237 3369 3331 3370 3332 3378 3334 3379 3248 3383 3256 3384 3261 3385 3262 3386 3263 3387 3264 3390 3344 3391 3269 3394 3273 3397 3356 3398 3357 3399 3283 3400 3282 3402 3368 3403 3369 3441 3531 3442 3422 3445 724 3446 3427 3447 3426 3452 3328 3457 3431 3458 3335 3459 3434 3465 3340 3467 3346 3468 3449 3470 3354 3473 3360 3475 3361 3477 3374 3478 3371 3479 3458 3481 763 3484 3461 3485 3462 3486 766 3488 3379 3489 3380 3512 3528 3515 3631 3519 3533 3520 3534 3521 3535 3525 3538 3526 3539 3534 3543 3537 3442 3545 3555 3546 3446 3555 3562 3557 3563 3559 3454 3560 3453 3562 3455 3563 3456 3565 3572 3567 768 3568 3467 3569 3471 3570 3470 3572 774 3573 775 3574 3476 3577 3477 3632 3645 3634 3648 3635 3649 3641 3652 3642 3557 3645 3654 3646 3560 3647 3656 3648 3657 3649 3663 3651 3659 3652 3660 3653 3664 3657 960 3662 3574 3664 3673 3666 3674 3669 879 3670 3583 3671 3585 3673 3679 3725 956 3731 959 3735 3744 3739 3667 3743 961 3750 3676 3751 3677 3752 3675 3754 3682 3756 977 3757 978 3810 3741 3811 3742 3813 3807 3814 3811 3815 3810 3817 3743 3819 3746 3821 3748 3822 3749 3825 3754 3827 3755 3828 3756 3829 3757 3830 3758 3833 3815 3834 3759 3835 3818 3836 3817 3846 3762 3852 1055 3853 3766 3856 3768 3857 3771 3859 3774 3860 3775 3861 1067 3862 3777 3864 3778 3883 4064 3884 4065 3889 3884 3890 3968 3891 3966 3892 3886 3893 3892 3896 1217 3897 3889 3898 3890 3899 3893 3902 3895 3904 3897 3906 1232 3908 3902 3914 3822 3915 3823 3920 3905 3921 3907 3923 3824 3924 3906 3928 3826 3930 3827 3933 3828 3934 3916 3938 3831 3941 3833 3942 3836 3944 3838 3947 1155 3948 3845 3972 3974 3975 3972 3979 4073 3980 4078 3984 3977 3987 3981 3989 3980 3990 3985 3991 3986 3992 3904 3993 1354 3995 3990 3996 3992 3999 3911 4002 3919 4006 3999 4009 3918 4012 3917 4015 3921 4017 3922 4019 3925 4020 1265 4022 4001 4023 4003 4024 4002 4028 3923 4032 4010 4036 3929 4038 3927 4040 3932 4041 3930 4042 3931 4043 1156 4045 3940 4046 3939 4047 3941 4083 4079 4087 4091 4094 3994 4095 3993 
71 114 570 3536 571 359 572 3459 578 365 655 3633 661 441 664 446 666 367 722 452 723 451 725 3655 726 454 797 525 798 3853 802 3860 803 3859 809 535 838 561 889 3978 973 776 980 789 986 4020 1050 785 1059 790 1061 791 1062 792 1067 990 1154 1159 1161 996 1162 998 1163 997 1164 999 1174 1004 1249 1393 1251 1403 1253 1165 1254 1166 1257 1172 1260 1175 1262 1177 1298 2381 1303 2384 1314 2386 1349 1399 1352 1401 1355 1405 1358 1406 1360 1404 1361 1407 1363 1412 1445 1682 1446 1859 1449 1685 1459 1424 1507 2611 1539 1984 1550 1865 1693 2785 2410 188 2489 3297 2493 116 2927 169 2933 3372 3051 251 3057 256 3060 3465 3170 3463 3171 3462 3176 3545 3177 3464 3178 265 3179 3467 3180 3468 3181 3549 3185 3566 3188 289 3212 406 3263 3638 3265 3643 3267 3644 3268 3645 3269 449 3272 3570 3276 3670 3297 3705 3354 3743 3355 3744 3356 3745 3362 3747 3375 3759 3453 3752 3455 3754 3456 3755 3457 3756 3458 3763 3459 3858 3481 577 3548 3878 3549 3879 3567 660 3568 662 3654 777 3660 663 3663 4015 3664 4021 3665 3905 3745 981 3747 4016 3748 4017 3752 983 3754 800 3836 1151 3852 992 3856 995 3857 1000 3861 1006 3940 1176 3944 1007 
1124 2161 1125 2162 1227 2168 1236 2169 1242 2172 1244 2173 1246 2178 1251 1940 1256 1936 1258 1945 1344 2180 1346 2346 1347 2345 1349 2184 1358 2194 1361 2190 1372 1950 1442 2487 1449 2201 1456 2207 1550 2354 1639 2647 1743 2502 1748 2506 1752 2504 1753 2360 1762 2362 1821 2813 1825 2814 1830 2651 1850 2511 1914 2817 1926 2822 1931 2513 2018 2823 2019 2824 2020 2827 2022 2834 2105 2842 2106 2839 2168 3023 2178 3017 2415 1226 2416 1227 2424 637 2425 636 2497 1233 2498 1234 3665 1608 3731 1907 3743 1711 3744 1712 3811 2157 3812 2158 3821 1922 3825 1925 3836 1931 3909 2174 3910 1929 3933 1939 3934 1941 3941 1944 4005 2195 4006 2198 4009 2187 4013 2188 4015 2189 4021 2191 4023 2200 4028 2202 4032 2205 4038 1953 4040 1956 4042 1952 
1121 2814 1127 2821 1227 2822 1242 2676 1325 2952 1342 2955 1358 2696 1438 2959 1441 2960 1521 3269 1524 3272 1537 2964 1550 2838 1553 2841 1633 3110 1656 2734 1742 2848 1748 2854 1753 2736 1833 2865 1846 2858 1849 2740 1895 3594 1902 3441 1912 3296 1921 2989 1931 2870 1940 2881 2018 2994 2019 2995 2022 3146 2023 3145 2104 3322 2106 3154 2108 3005 2162 3463 2163 3464 2168 3324 2178 3159 2179 3167 3168 2042 3169 2048 3352 2465 3355 2242 3356 2243 3544 2269 3648 2482 3807 2818 3810 2670 3813 2813 3914 2680 3915 2679 3918 2518 3923 2687 4002 2690 4004 2697 4006 2698 4008 2700 4009 2689 4028 2704 4032 2710 








55 3308 56 3309 118 203 119 202 122 211 130 126 132 123 133 121 136 127 139 49 140 50 334 319 335 318 379 278 456 380 462 382 530 441 531 442 532 444 536 3654 537 450 538 3653 539 453 541 451 542 452 543 454 548 3571 560 3677 566 470 575 481 626 525 634 532 636 535 640 542 644 3774 645 548 651 557 654 562 657 496 659 567 663 570 667 3714 720 624 721 3974 724 625 729 3860 730 3859 732 3861 733 3765 734 3862 741 538 742 537 759 650 763 577 764 580 765 579 768 660 771 582 830 3977 831 752 835 757 838 631 842 759 843 633 846 764 849 3991 850 768 858 642 860 651 861 771 862 770 864 776 880 794 931 946 943 955 956 963 958 783 961 4008 962 785 963 977 967 790 968 792 969 793 1009 1119 1026 1122 1038 974 1041 978 1042 979 1047 982 1050 986 1051 985 1052 987 1055 992 1057 996 1059 999 1061 1002 1067 1006 1111 1369 1112 1371 1113 1370 1114 1377 1115 1379 1125 1147 1132 1385 1134 1160 1135 1162 1140 1168 1141 1171 1142 1170 1144 1166 1146 1169 1147 1172 1148 1173 1149 1174 1150 1175 1152 1177 1155 1180 1212 1661 1213 1664 1218 1372 1222 1665 1224 1666 1226 1378 1227 1381 1228 1382 1230 1380 1232 1669 1233 1670 1236 1383 1239 1389 1240 1672 1243 1390 1246 1395 1249 1393 1250 1398 1253 1399 1259 1403 1260 1404 1261 1405 1264 1408 1266 1412 1267 1413 1268 1411 1269 1410 1273 1418 1275 1419 1277 1181 1315 2162 1316 2163 1343 1667 1344 1668 1349 1671 1354 1675 1356 1678 1366 1682 1368 1684 1372 1685 1373 1688 1374 1414 1375 1691 1380 1421 1381 1694 1385 1427 1386 1426 1430 2596 1446 1852 1460 1855 1463 1977 1464 1979 1472 1861 1474 1865 1479 1697 1541 1981 1542 1980 1543 1984 1546 2090 1547 1983 1548 1989 1549 1869 1555 1877 1615 2193 1616 2192 1624 2196 1630 2088 1633 2197 1634 2198 1676 2758 1681 2832 1718 2213 1719 2212 1720 2215 1721 2311 1723 2216 1733 2219 1734 2098 1737 2222 1741 1996 1742 2105 1840 2326 1842 2226 1845 2330 1849 2230 1931 2331 1933 2332 1934 2333 1948 2337 1950 2233 1953 2236 2055 2437 2136 2543 2137 2544 2147 2445 2153 2451 2161 2453 2245 2737 2250 2657 2252 2661 2254 2659 2261 2670 2263 2671 2265 2675 2344 2814 2345 2739 2351 2743 2354 2746 2356 2666 2581 45 2582 3217 2583 3216 2584 3218 2585 3219 2654 3220 2655 3224 2658 3223 2725 3390 2734 3394 2735 3311 2745 3229 2869 128 2870 3314 2871 3403 2872 3321 2873 3320 2952 304 2953 305 2959 3404 2960 3406 2961 3405 2962 3409 2963 3410 2964 3411 2965 3412 2966 3415 2967 3416 2968 227 2969 228 2970 3420 2971 3419 2972 3418 3029 281 3032 289 3050 320 3055 321 3068 3422 3069 3423 3117 269 3130 3564 3133 3566 3137 3570 3138 3572 3139 3578 3142 385 3143 386 3144 387 3154 401 3155 3597 3156 3596 3157 396 3160 3599 3161 3604 3162 3602 3165 416 3166 3600 3167 3695 3170 410 3174 418 3178 3609 3179 3610 3227 449 3228 446 3231 373 3232 372 3233 3563 3236 3658 3246 377 3247 3670 3250 3674 3254 464 3256 3678 3259 3679 3260 3582 3264 3686 3267 3688 3269 471 3272 3698 3273 3700 3275 3707 3280 493 3285 3712 3323 3740 3324 3741 3326 3655 3327 3747 3332 3661 3333 530 3335 3763 3339 3681 3346 3776 3349 3779 3350 3785 3353 558 3354 559 3355 561 3357 3793 3358 3789 3360 3794 3364 3795 3365 3796 3370 564 3375 571 3379 3799 3380 3800 3421 523 3423 3850 3425 627 3430 3853 3431 3756 3434 3858 3435 3857 3439 3864 3442 3867 3444 3868 3446 3869 3447 3870 3448 3780 3449 3781 3450 3782 3451 3886 3462 3802 3463 578 3466 3891 3467 662 3469 3803 3473 3897 3474 3898 3475 3899 3476 666 3478 3806 3531 3976 3534 3855 3537 3978 3545 3986 3554 3871 3555 3995 3557 3994 3558 3876 3559 3877 3562 652 3563 3883 3564 3884 3567 3888 3568 775 3573 3893 3575 3906 3580 4020 3583 669 3585 668 3642 3985 3645 953 3650 3993 3651 3992 3657 3999 3658 3998 3659 780 3661 4000 3663 774 3664 4004 3665 4005 3669 4013 3670 4012 3673 4021 3682 800 3684 4024 3685 4030 3749 1138 3750 973 3768 995 3771 1000 3772 1001 3811 1376 3817 1151 3838 1007 3905 1397 3920 1407 3925 1409 3933 1182 3943 1184 4070 2290 
523 1423 536 1435 537 1436 538 1434 539 1438 666 1511 720 1679 729 1568 730 1567 732 1569 733 1570 959 1907 1037 1917 1041 1924 1114 2167 1115 2168 1131 2172 1219 2332 1220 2331 1232 2341 1233 2340 1240 2339 1253 2184 1259 1940 1271 1950 1351 2478 1363 2197 1367 2347 1372 2201 1467 2491 1471 2350 1474 2354 1537 2634 1541 2630 1543 2495 1735 2506 1745 2368 1834 2812 1837 2995 1840 2815 1841 2814 1911 2996 1912 2997 1913 2998 1916 3001 1917 3002 1928 2819 1931 2822 1933 2823 1934 2824 1948 2836 2035 3158 2036 3159 2045 3359 2051 3161 2130 3167 2131 3166 2133 3169 2136 3172 2142 3022 2145 3025 2146 3018 2238 3532 2240 3370 2245 3375 2249 3183 2250 3374 2254 3186 2328 3534 2332 3624 2334 3536 2346 3376 2353 3541 2481 3705 2871 1118 2959 1121 2960 1248 2962 1134 2966 1250 3222 1425 3223 1541 3226 1430 3227 1433 3234 1442 3319 1546 3326 1437 3332 1453 3335 1564 3421 1557 3426 1559 3434 1566 3580 1610 3642 1893 3650 1696 3668 1708 3685 1721 3742 2157 3748 1922 3754 1925 3764 1933 3807 2163 3808 2162 3816 2171 3828 1939 3830 1938 3833 1944 3888 2333 3894 2335 3903 2178 3906 2181 3914 2193 3916 1941 3918 2187 3920 2190 3921 2189 3931 1952 3932 1956 3991 2345 3995 2346 3999 2198 4002 2199 4003 2200 4010 2205 4011 2204 4025 1960 
850 2479 1024 2660 1115 2822 1116 2821 1126 1203 1131 2676 1243 2683 1372 2708 1374 2705 1474 2838 1629 3271 1645 2848 1733 3122 1735 2854 1736 2855 1737 2983 1741 2740 1840 3296 1845 3136 1850 2883 1911 3441 1917 3439 1920 3444 1928 3135 1931 3137 1933 2994 1934 2995 1944 3145 1948 3000 1952 3002 1955 2888 1956 2889 2050 3450 2057 3154 2133 3459 2144 3324 2146 3167 2147 3163 2157 3170 2240 3476 2255 3478 2264 3340 3438 2254 3442 2259 3444 2262 3650 2480 3657 2482 3741 2670 3750 2503 3807 2813 3822 2680 3823 2679 3824 2687 3886 2943 3918 2689 3919 2690 3923 2704 3989 2830 3999 2698 4009 2707 4010 2710 4011 2711 4025 2552 4026 2551 
724 2706 1131 2749 1460 3080 1463 3243 1541 3090 1542 3091 1546 3099 1615 3412 1629 3252 1630 3253 1633 3418 1634 3417 1637 3255 1727 3106 1824 3614 1825 3613 1837 3275 1843 2962 1911 3277 1917 3280 1927 2977 1928 2976 1934 2797 1937 2981 1944 2803 2025 3628 2055 2986 2057 2808 2133 3128 2144 2991 2146 2817 2147 2811 2153 2579 2236 3461 2240 3139 2254 2995 2264 2830 2345 3146 2358 3004 2361 3008 3328 2703 3415 2897 3426 2707 3431 2420 3741 2922 3807 2921 3886 3069 3889 3067 3890 3068 3903 2754 3980 3072 3989 2937 3994 2941 3995 2940 









283 1220 360 1305 449 1433 450 1436 453 1438 454 1440 523 1557 545 1482 562 1491 621 1676 626 1559 747 1874 755 1881 757 1686 768 1697 931 1883 944 1889 945 2118 948 2127 949 2126 960 1901 969 1906 971 1709 978 1924 1099 2120 1102 2122 1113 2133 1116 2137 1119 2140 1132 2161 1151 1931 1153 2173 1174 1945 1375 2164 1377 2167 1379 2168 1387 2177 1396 2180 1399 2184 1403 1940 1406 2194 1407 2190 1661 2472 1664 2473 1669 2341 1670 2340 1672 2339 1685 2201 1693 2207 1848 2608 1849 2609 1852 2618 1853 2479 1857 2489 1858 2490 1864 2352 1865 2354 1879 2362 1980 2631 1981 2630 1985 2494 2073 2783 2088 2792 2091 2643 2094 2648 2102 2512 2104 2661 2196 2970 2200 2972 2201 2971 2206 2797 2213 2801 2214 2805 2215 2802 2228 2657 2229 2660 2305 2976 2308 3124 2309 2988 2312 2987 2313 2986 2315 3132 2318 2811 2322 3000 2326 2815 2331 2822 2332 2823 2333 2824 2334 2834 2337 2836 2409 3129 2411 3134 2412 3140 2414 3148 2416 3342 2418 3144 2420 3151 2421 2996 2422 2997 2423 3152 2427 3001 2434 3005 2438 3012 2442 2845 2515 3349 2519 3352 2520 3156 2526 3354 2530 3161 2533 3167 2534 3166 2540 3175 2541 3174 2543 3172 2545 3173 2548 3014 2549 3020 2622 3511 2623 3510 2625 3356 2626 3355 2631 3358 2635 3514 2639 3522 2640 3521 2648 3176 2649 3177 2650 3369 2657 3374 2658 3180 2659 3186 2660 3182 2673 3192 2675 3194 2719 3604 2727 3614 2730 3524 2731 3531 2735 3534 2737 3375 2740 3379 2794 3616 2802 3623 2803 3622 2808 3536 2812 3625 2816 3540 2865 3690 2866 3684 2867 3683 2870 3696 2871 3691 2872 3692 2874 3697 2876 3693 2884 3694 2892 3701 2898 3702 2979 3796 3178 814 3227 992 3230 999 3315 1122 3316 1123 3317 1124 3319 1125 3321 1127 3403 1118 3404 1121 3405 1249 3406 1248 3409 1134 3411 1131 3412 1132 3415 1250 3418 1136 3419 1137 3422 1251 3474 1211 3546 1418 3549 1320 3551 1321 3561 1334 3562 1335 3566 1336 3567 1339 3570 1340 3578 1349 3584 1358 3596 1375 3597 1376 3603 1377 3605 1379 3609 1385 3610 1386 3633 1423 3634 1422 3644 1541 3647 1426 3648 1428 3649 1430 3651 1431 3652 1432 3653 1434 3654 1435 3655 1437 3656 1439 3661 1453 3665 1454 3668 1342 3670 1458 3671 1459 3678 1470 3681 1471 3682 1472 3684 1476 3688 1361 3700 1486 3702 1488 3743 1542 3746 1550 3748 1553 3749 1554 3753 1556 3755 1563 3759 1455 3760 1463 3763 1564 3764 1464 3765 1570 3766 1571 3767 1475 3770 1480 3772 1577 3773 1578 3777 1484 3786 1489 3790 1496 3791 1497 3797 1593 3798 1509 3801 1506 3840 1546 3841 1547 3842 1670 3843 1672 3847 1674 3853 1682 3854 1683 3858 1566 3859 1567 3860 1568 3861 1569 3863 1573 3867 1575 3873 1580 3877 1589 3878 1587 3886 1586 3887 1594 3888 1596 3896 1598 3897 1600 3898 1599 3901 1601 3905 1608 3984 1689 3985 1893 3987 1693 3992 1695 3993 1696 3997 1699 4003 1701 4008 1711 4009 1712 4018 1716 4019 1717 4020 1610 4026 1614 4030 1721 4031 1616 
768 2479 969 2488 972 2499 973 2503 975 2502 1138 2672 1370 2816 1371 2817 1379 2822 1386 2677 1390 2683 1414 2705 1865 2838 1866 2841 1870 2732 1983 2967 1989 3109 1996 2740 2088 3272 2089 3107 2102 2872 2103 2874 2198 3423 2206 3276 2216 3285 2219 3122 2222 2983 2323 3294 2326 3296 2330 3136 2331 3137 2332 2994 2333 2995 2334 3146 2335 2999 2337 3000 2411 3585 2415 3589 2421 3441 2427 3443 2430 3445 2437 3150 2442 3162 2443 3161 2444 3156 2445 3163 2520 3597 2526 3602 2527 3732 2529 3605 2530 3453 2537 3458 2539 3460 2543 3463 2544 3464 2548 3322 2558 3169 2630 3737 2633 3735 2635 3739 2639 3740 2640 3746 2646 3466 2647 3468 2650 3473 2653 3617 2654 3477 2658 3333 2660 3334 2665 3478 2669 3341 2673 3336 2674 3338 2726 3750 2727 3868 2731 3756 2740 3623 2805 3878 2812 3881 2874 3989 2875 3880 2892 3991 3673 2075 3676 2079 3681 2081 3682 2082 3759 2249 3760 2250 3764 2251 3766 2255 3771 2263 3772 2264 3780 2265 3781 2266 3863 2254 3867 2259 3868 2262 3872 2268 3877 2278 3991 2478 3993 2480 3995 2270 3999 2482 4019 2304 
626 2707 747 3051 758 2908 768 2714 938 3055 947 3219 949 3060 955 2911 1106 3225 1119 3226 1377 2928 1386 2748 1399 2759 1667 3233 1668 3234 1671 3071 1673 2936 1682 2763 1855 3080 1866 2774 1977 3243 1978 3244 1980 3091 1981 3090 1990 2955 2088 3253 2089 3098 2090 3099 2091 2956 2095 2958 2102 2556 2197 3418 2198 3417 2211 3256 2214 3107 2228 2788 2317 3269 2321 3116 2326 3115 2333 2797 2334 2804 2411 3611 2414 3617 2415 3621 2421 3277 2422 3278 2424 3438 2426 3276 2430 3281 2437 2986 2443 2575 2445 2811 2451 2579 2526 3447 2535 3134 2537 3127 2538 3130 2543 3133 2556 2992 2559 2823 2630 3638 2631 3632 2633 3633 2646 3137 2653 3295 2659 2995 2660 2998 2665 3003 2674 2828 2731 3458 2739 3146 2743 3147 2747 3150 2800 3644 2805 3652 2810 3648 2818 3154 2875 3654 2876 3663 2894 3666 2903 3481 3614 1334 3647 2404 3651 2406 3652 2405 3745 2692 3750 2703 3752 2704 3863 2439 3867 2447 3873 2460 










24 439 28 542 31 448 88 648 89 649 90 551 137 731 173 651 174 652 185 667 505 876 816 1408 819 1409 1123 1580 1300 2043 1301 2044 1304 2048 1308 2050 1309 2049 1319 2051 1340 2065 1341 2068 1345 1918 1351 2072 1423 2237 1444 2063 1463 2250 1464 2251 1468 2080 1471 2081 1472 2082 1481 2091 1545 2472 1546 2468 1571 2255 1575 2259 1577 2264 1589 2278 1696 2480 1697 2479 1717 2304 1718 2505 1721 2313 1723 2522 1727 2320 1906 2488 1907 2490 1909 2668 1932 2511 1936 2527 1937 2528 1938 2526 1955 2542 1960 2552 2118 2934 2120 2936 2150 2811 2153 2666 2156 2670 2163 2813 2168 2822 2172 2676 2185 2688 2187 2689 2189 2701 2194 2696 2198 2698 2201 2708 2202 2704 2204 2711 2207 2713 2209 2544 2221 2734 2223 2568 2227 2575 2307 3055 2320 3063 2334 2947 2342 2948 2343 2949 2354 2838 2355 2839 2356 2844 2359 2730 2360 2736 2361 2737 2372 2750 2447 3518 2469 3077 2475 3083 2480 2955 2482 2958 2483 2959 2486 2960 2490 2962 2492 2965 2493 2966 2505 2862 2506 2854 2508 2868 2509 2869 2510 2856 2512 2872 2513 2870 2515 2880 2516 2882 2616 3087 2619 3248 2620 3258 2621 3259 2642 3111 2643 3110 2644 2973 2645 2974 2650 3120 2651 2983 2652 2984 2654 2986 2655 2988 2656 2989 2659 2987 2662 2877 2673 2888 2674 2889 2675 3001 2742 3661 2780 3262 2784 3266 2785 3267 2787 3413 2791 3271 2792 3272 2797 3276 2815 3296 2819 3135 2822 3137 2823 2994 2824 2995 2828 3138 2830 3139 2831 3141 2834 3146 2836 3000 2837 3002 2839 3154 2841 3152 2842 3151 2843 3004 2844 3163 2845 3162 2846 3160 2853 3009 2918 3913 2922 3667 2935 3801 2936 3802 2939 3807 2940 3808 2966 3419 2993 3434 2994 3288 2995 3292 2997 3442 3001 3443 3002 3439 3004 3448 3005 3143 3007 3308 3017 3159 3018 3167 3021 3323 3023 3324 3024 3325 3027 3165 3028 3169 3058 3918 3134 3585 3135 3584 3136 3711 3137 3583 3142 3590 3155 3596 3156 3597 3161 3453 3162 3606 3163 3320 3168 3321 3169 3459 3172 3463 3180 3333 3182 3334 3183 3335 3189 3339 3195 3340 3196 3342 3198 3344 3242 4038 3332 3958 3341 3714 3342 3718 3343 3720 3354 3602 3365 3742 3369 3473 3370 3476 3379 3623 3481 4068 3483 4069 3507 3857 3514 3739 3521 3746 3522 3740 3531 3756 3535 3760 3544 3765 3605 3974 3606 3864 3614 3868 3619 3876 3625 3881 3671 4078 3672 4081 3673 4082 3677 3982 3697 3989 3701 3991 3795 4089 4053 424 4056 447 
39 660 193 702 360 895 361 896 1302 2392 1304 2394 1307 2397 1426 2404 1431 2406 1432 2405 1433 2407 1559 2707 1573 2439 1575 2447 1580 2460 1674 2900 1697 2714 1871 3050 1874 3051 1881 3053 1886 3056 1909 2728 1912 2731 1913 2732 1917 2484 1954 2298 2118 3221 2126 3060 2128 3220 2133 3063 2156 2922 2159 2924 2160 2925 2163 2921 2167 2928 2172 2749 2178 2754 2334 3068 2345 2757 2348 2765 2355 2772 2475 3235 2480 3075 2481 3077 2486 3083 2487 3084 2507 2784 2624 3245 2625 3404 2626 3403 2630 3090 2635 3094 2642 3102 2643 2956 2644 2957 2657 2788 2658 2789 2785 3406 2791 3252 2792 3253 2795 3414 2805 3107 2814 2969 2815 3115 2816 2970 2819 2976 2824 2797 2825 2799 2827 2795 2830 2973 2834 2804 2843 2573 2844 2811 2852 2579 2985 3424 2994 3270 2995 3275 2996 3277 3002 3280 3003 3120 3018 2817 3019 2818 3021 2990 3023 2991 3027 2820 3138 3431 3139 3432 3145 3614 3146 3613 3148 3617 3156 3443 3162 3286 3163 3126 3168 2988 3169 3128 3172 3133 3180 2997 3182 2998 3186 2995 3187 2996 3189 2827 3190 3004 3198 2838 3370 3139 3377 3142 3380 3152 4071 653 4073 669 4074 670 4076 436 4079 431 4083 178 4085 180 
428 755 1136 1096 1137 1095 1138 1097 1426 1394 1557 1602 1674 1787 1874 1934 1891 1794 1892 1795 2133 1945 2138 1948 2140 1949 2156 1634 2157 1632 2159 1636 2162 1639 2345 1469 2473 1955 2487 1654 2502 1123 2508 944 2509 945 2626 1965 2630 1662 2635 1663 2648 1482 2649 1483 2651 1284 2653 1127 2654 1131 2657 1133 2658 1134 2662 948 2664 953 2665 952 2671 808 2790 1816 2795 1971 2823 961 2824 960 2827 958 2828 1137 2830 1143 2834 962 2839 814 3001 1678 3002 1677 3011 964 3012 1150 3013 1151 3078 3699 3082 3702 3135 1975 3145 1977 3146 1978 3156 1685 3162 1495 3168 1154 3169 1291 3183 983 3359 1687 3370 1161 3377 1163 3380 997 3527 1833 3531 1499 3541 1304 3608 1996 
2334 1803 2473 2184 2483 1632 2656 839 2792 1638 2796 1640 2802 1291 2803 1292 2804 1286 2811 1106 2812 993 2813 989 2815 994 2817 847 2822 689 2827 543 2830 691 2834 546 2994 1107 3000 1108 3001 1113 3004 852 3005 688 3011 548 3014 431 3020 432 3135 1463 3138 1458 3145 1461 3146 1460 3148 1465 3155 1119 3156 1120 3167 701 3172 559 3176 562 3177 563 3359 998 3370 565 3375 448 3521 1005 3527 864 3530 711 3531 703 3534 567 3536 574 3538 571 3608 1136 3623 710 3633 458 











5 779 6 774 8 782 12 559 14 572 18 325 19 586 23 343 29 354 33 368 35 363 37 379 38 365 39 366 46 135 79 777 80 778 92 795 105 804 106 807 110 812 113 818 117 815 121 819 126 822 128 834 139 610 145 614 151 376 167 405 169 390 189 171 191 178 193 181 216 962 244 814 245 816 246 996 253 827 274 838 276 843 277 841 290 617 295 858 299 628 312 640 315 641 316 642 319 654 324 647 325 648 327 655 328 667 329 668 330 660 335 418 338 419 357 442 407 998 459 882 460 881 477 656 492 686 555 1096 585 891 586 895 594 905 595 906 601 903 776 1089 1576 1902 1577 1901 2040 2388 2048 2394 2069 2225 2240 2689 2243 2692 2246 2704 2249 2431 2260 2449 2263 2247 2264 2248 2271 2461 2331 2094 2470 2899 2473 2898 2476 2706 2479 2714 2486 2723 2487 2724 2489 2727 2490 2725 2491 2726 2499 2483 2511 2494 2518 2505 2520 2504 2529 2292 2533 2526 2539 2294 2552 2303 2569 2119 2570 2120 2668 2728 2669 2730 2670 2922 2675 2744 2676 2749 2677 2748 2678 2743 2679 2500 2687 2509 2698 2761 2706 2534 2707 2535 2709 2764 2710 2531 2711 2530 2717 2539 2730 2309 2813 2921 2820 3066 2821 2927 2826 2932 2828 2938 2830 2937 2839 2772 2841 2774 2844 2775 2847 2547 2848 2780 2849 2548 2862 2550 2865 2783 2868 2551 2869 2552 2870 2313 2872 2556 2873 2557 2877 2559 2888 2319 2889 2320 2943 3069 2945 3232 2946 3231 2947 3068 2952 3074 2953 3070 2955 3075 2960 3083 2966 2947 2969 2950 2973 2957 2976 2959 2995 2797 3005 2572 3078 3384 3080 3385 3083 3235 3086 3236 3087 3389 3090 3078 3097 3087 3102 3247 3107 3098 3108 3095 3110 2956 3111 3102 3114 3105 3117 3107 3126 2967 3127 2966 3130 2962 3135 2976 3138 2800 3139 2973 3140 2979 3144 2982 3145 2803 3146 2804 3150 2986 3154 2808 3158 2816 3161 2575 3163 2811 3165 2820 3166 2813 3167 2817 3170 2580 3249 3396 3265 3245 3267 3406 3271 3252 3272 3253 3284 3266 3286 3265 3288 3270 3292 3275 3295 3274 3296 3115 3298 3118 3299 3117 3302 2983 3320 3126 3321 2988 3323 2990 3324 2991 3333 2997 3334 2998 3338 2828 3339 2827 3340 2830 3344 2838 3402 3595 3405 3594 3412 3408 3415 3411 3423 3417 3424 3605 3426 3420 3430 3425 3433 3429 3435 3271 3436 3272 3438 3267 3439 3280 3441 3277 3443 3279 3445 3281 3449 3283 3452 3285 3458 3127 3459 3128 3460 3129 3461 3131 3463 3133 3466 3137 3467 3135 3470 3138 3476 3139 3478 3003 3577 3606 3580 3607 3584 3612 3585 3611 3587 3615 3588 3616 3589 3621 3592 3435 3597 3443 3602 3447 3604 3449 3606 3286 3608 3450 3613 3293 3617 3295 3622 3145 3700 3757 3714 3766 3715 3768 3719 3623 3731 3782 3735 3633 3737 3638 3756 3458 3758 3299 3759 3303 3760 3300 3765 3304 3856 3779 3860 3783 3870 3642 3873 3797 3875 3466 3877 3647 3878 3652 3880 3654 3882 3474 3893 3173 3966 3872 3972 3877 3978 3881 3987 3799 3988 3803 3989 3802 3995 3804 3999 3673 4087 3892 4090 3897 4092 3806 












16 297 18 293 21 291 32 301 37 302 97 146 108 155 248 366 258 372 263 373 267 305 276 309 281 312 286 313 293 314 305 324 306 328 307 323 308 325 309 326 383 4083 513 428 517 435 782 452 952 595 1051 671 1057 672 1155 528 1156 529 1169 547 1182 475 1207 399 1208 400 1272 683 1273 684 1286 615 1439 623 1527 767 1616 775 1903 1092 1912 1095 2306 932 2528 1110 2534 1112 2551 944 2552 945 2559 948 2562 953 2563 952 2737 1445 2740 1457 2757 1469 2765 1277 2774 1117 2775 1279 2777 1119 2782 1283 2783 1124 2787 1132 2788 1133 2789 1134 2792 957 2795 958 2797 960 2801 1138 2802 1141 2804 962 2808 814 2810 966 2818 967 2921 1640 2922 1634 2923 1635 2924 1636 2928 1638 2929 1643 2934 1645 2935 1648 2936 1649 2940 1470 2950 1477 2951 1476 2973 1143 2979 1142 2981 1144 2982 1146 2986 965 2988 1154 3000 1158 3004 984 3066 1804 3067 1805 3080 1653 3084 1654 3085 1657 3088 1661 3089 1660 3090 1662 3094 1663 3098 1666 3099 1665 3109 1486 3128 1291 3139 1161 3142 1163 3152 997 3233 1808 3234 1809 3237 1813 3266 1672 3267 1675 3276 1676 3279 1678 3280 1677 3284 1682 3286 1495 3295 1296 3303 1300 3385 2116 3394 2118 3397 1963 3403 1965 3414 1971 3417 1972 3418 1973 3433 1821 3438 1824 3443 1685 3458 1499 3515 3609 3586 2129 3611 1976 3612 1975 3613 1978 3614 1977 3634 1827 3638 1830 3644 1692 3713 3641 3714 3642 3715 3643 3749 2135 3779 2141 3782 1981 3788 2144 3793 1998 3794 1997 3805 1707 3877 2145 3954 3463 4024 2003 
1104 134 1105 133 1301 587 2045 2818 2046 2817 2559 343 2795 488 2799 489 2803 491 2804 492 2904 1316 2973 498 2986 356 3057 1650 3059 1648 3068 1353 3088 1014 3089 1013 3099 1017 3115 756 3123 617 3124 619 3128 506 3133 507 3137 508 3150 274 3233 1361 3234 1362 3243 1209 3267 875 3270 874 3276 876 3279 879 3281 762 3284 764 3294 515 3295 513 3298 520 3301 518 3302 519 3303 521 3385 1672 3389 1507 3394 1511 3410 1370 3438 1033 3440 1034 3443 886 3451 888 3456 767 3458 625 3461 632 3475 534 3613 1227 3614 1228 3646 634 3732 3503 3756 1379 
2792 542 2795 543 2803 545 2804 546 2960 843 2973 691 3068 1803 3088 1448 3089 1447 3099 1449 3115 994 3120 848 3121 849 3124 696 3132 561 3133 559 3134 699 3137 564 3139 565 3146 447 3149 328 3233 2027 3234 2028 3239 1811 3260 1290 3267 1111 3270 1107 3276 1112 3284 997 3285 853 3296 705 3298 566 3301 568 3302 569 3303 570 3423 1455 3438 1121 3440 1122 3443 1120 3453 854 3454 856 3458 703 3460 711 3613 1460 3614 1461 3628 1124 3638 1125 3644 860 3756 1648 3782 1133 3790 1127 3797 862 3877 1306 













59 226 206 425 207 426 399 184 400 183 473 319 474 321 475 320 483 453 484 454 485 325 486 326 488 248 489 247 550 455 551 456 553 457 566 255 567 254 612 695 613 696 615 694 631 590 632 591 679 960 680 959 681 814 682 815 688 824 693 826 694 825 695 823 707 708 708 709 751 957 752 958 756 968 787 726 788 727 914 975 946 485 948 343 956 346 958 488 962 492 963 352 965 356 970 358 1125 607 1135 497 1143 498 1153 367 1280 742 1287 754 1288 755 1290 618 1291 506 1293 508 1296 513 1300 521 1402 1130 1606 1317 1607 1314 1617 1328 1618 1159 1630 1187 1640 1188 1660 1013 1661 1014 1662 1011 1665 1017 1666 1018 1667 1019 1668 1020 1674 1026 1675 875 1676 876 1678 879 1682 764 1683 765 1685 886 1694 634 1808 1361 1809 1362 1812 1360 1814 1367 1823 1029 1824 1033 1830 894 1833 769 1943 1651 1944 1652 1947 1494 1949 1661 1955 1504 1960 1506 1964 1365 1970 1373 1976 1224 1977 1228 1978 1227 1979 1231 1987 1235 1995 1046 1997 1044 1998 1043 2093 1643 2098 1653 2106 1861 2111 1668 2116 1672 2118 1511 2125 1513 2126 1515 2128 1686 2130 1688 2134 1375 2143 1238 2146 1237 2149 1051 2264 1869 2267 1680 2282 1694 2284 1697 2304 1534 2305 1386 2306 1533 2312 1539 2335 1249 2336 1248 2413 3446 2414 3447 2420 2085 2450 2092 2471 2106 2474 2111 2487 1879 2601 3689 2604 3693 2606 3463 2608 3460 2615 3475 2648 2844 2778 3929 2779 3707 2781 3702 2787 3946 2792 3705 2793 3704 2803 3950 2807 3720 2940 3955 2958 3968 3139 3725 3460 3981 3949 165 3953 123 4000 170 4002 171 4051 306 4057 308 4064 236 4065 237 
201 1386 204 1217 473 957 483 965 484 966 488 672 489 671 550 967 551 968 552 1084 612 1586 615 1404 621 1253 679 1775 680 1774 701 1593 704 1413 707 1414 756 1781 761 1599 775 1602 778 1416 787 1275 788 1276 957 542 958 543 962 546 964 548 965 549 970 430 1125 837 1126 836 1129 841 1135 690 1143 691 1153 554 1161 565 1164 442 1167 444 1171 450 1280 981 1284 844 1287 988 1300 570 1407 2161 1499 703 1505 573 1513 582 1517 463 1616 2173 1640 1797 1660 1447 1661 1448 1665 1449 1667 1450 1668 1451 1674 1293 1675 1111 1676 1112 1678 1113 1682 997 1683 1000 1685 1120 1687 998 1694 709 1695 712 1699 586 1704 591 1790 2311 1794 2312 1808 2027 1809 2028 1814 1815 1816 1637 1818 1453 1823 1117 1824 1121 1826 1295 1830 1125 1833 864 1939 2397 1948 2404 1949 2317 1955 2184 1959 2030 1964 1810 1968 1818 1975 1463 1976 1464 1977 1461 1978 1460 1982 1132 1983 1131 1987 1298 1989 1299 1995 1137 1996 1136 2001 868 2006 875 2095 2472 2098 2402 2117 2191 2120 2194 2121 2195 2122 2197 2133 2036 2143 1303 2145 1306 2149 1139 2150 1141 2152 1143 2154 1142 2160 882 2267 2198 2283 2045 2290 2044 2304 1831 2305 1653 2306 1655 2309 1837 2310 1838 2311 1656 3993 942 3995 945 4007 653 4048 1060 
438 2074 439 2075 473 1437 484 1454 525 2082 611 2091 1125 854 1135 739 1136 737 1169 378 1171 381 1290 740 1300 486 1301 487 1487 1003 1495 751 1496 747 1499 618 1502 620 1513 395 1676 1005 1678 1008 1685 1007 1694 502 1794 2370 1808 2126 1809 2127 1824 1169 1830 881 1942 2461 1948 2375 1949 2374 1955 2132 1958 2128 1959 2129 1975 1487 1976 1486 1979 1325 1982 1020 1983 1021 1995 1022 1996 887 1997 885 1998 886 2000 759 2001 633 2005 3933 2006 521 2111 2318 2117 2230 2118 2142 2120 2141 2125 2138 2143 1177 2261 2467 2267 2235 2284 2147 2305 1490 2420 2626 3946 1581 3951 1420 3991 1752 4000 1423 4003 1286 4057 1930 














19 15 53 296 67 3957 74 388 97 102 110 635 116 644 120 503 121 505 133 408 134 409 136 312 137 313 145 4051 150 205 160 114 166 649 178 522 186 525 191 413 196 4057 209 253 215 171 224 934 228 946 231 797 232 800 233 799 240 814 241 815 247 671 248 672 249 670 250 669 258 418 259 420 263 428 265 320 266 425 268 435 269 327 271 329 279 332 280 339 290 217 301 1060 310 1073 320 958 321 959 322 954 334 823 335 822 341 535 349 539 351 544 356 549 357 429 358 430 360 433 365 439 371 436 374 441 375 440 376 557 378 447 379 448 380 449 381 443 382 444 385 450 395 338 396 455 404 340 438 1238 439 1237 445 1076 446 1078 447 1077 448 1079 453 965 454 966 455 967 456 968 468 1085 469 1086 476 680 479 681 482 832 484 682 486 683 487 684 488 543 491 545 492 546 494 687 496 689 497 690 498 691 499 688 502 547 503 553 504 695 507 559 508 564 518 568 519 569 520 566 521 570 526 572 527 571 528 567 530 573 537 582 538 581 539 459 543 463 556 345 563 275 571 1394 572 1395 573 1398 574 1239 575 1240 577 1399 578 1400 586 1248 587 1251 600 978 604 838 605 835 606 834 607 837 612 840 613 842 616 847 619 696 622 701 623 702 624 706 625 703 626 704 628 708 634 709 635 710 644 588 645 589 654 596 676 361 677 1576 683 1579 693 1405 694 1404 695 1586 708 1414 709 1415 726 1275 727 1276 731 1091 739 1094 742 981 743 980 749 990 751 1098 752 1099 753 987 754 988 756 994 760 995 761 996 764 997 765 1000 767 858 769 864 771 712 773 861 774 863 780 718 781 719 785 871 786 720 787 595 820 1770 821 1772 822 1773 827 1590 828 1593 829 1598 830 1591 831 1594 832 1595 850 1279 852 1429 856 1434 857 1282 858 1097 859 1283 867 1104 868 1286 869 1285 870 1284 871 1287 872 1106 874 1107 875 1111 876 1112 877 1114 879 1113 884 1116 886 1120 889 1001 890 1002 894 1125 895 1126 902 870 911 868 919 881 925 726 930 730 935 738 936 739 938 610 944 755 945 613 959 1774 966 1779 968 1781 974 1603 975 1785 977 1607 978 1606 981 1613 984 1614 985 1610 986 1611 990 1424 991 1425 993 1428 995 1620 996 1619 997 1621 999 1623 1001 1435 1003 1436 1004 1438 1006 1439 1007 1440 1008 1443 1009 1442 1010 1441 1013 1447 1014 1448 1017 1449 1019 1450 1020 1451 1024 1288 1026 1293 1029 1117 1033 1121 1034 1122 1037 1123 1040 1128 1042 1133 1045 1136 1046 1137 1051 1139 1052 1140 1053 1141 1054 1010 1055 1142 1056 1146 1061 1016 1062 1017 1079 735 1080 736 1082 749 1083 892 1090 896 1096 763 1099 908 1112 771 1119 2153 1131 2162 1133 2164 1134 2165 1137 1985 1141 1988 1144 1989 1150 1993 1158 1997 1163 2002 1168 1789 1173 1788 1176 1790 1177 1796 1182 1793 1184 1795 1188 1797 1192 1618 1193 1800 1194 1805 1196 1802 1197 1801 1199 1624 1200 1625 1201 1629 1202 1627 1203 1806 1205 1632 1207 1635 1210 1636 1211 1640 1215 1642 1217 1454 1220 1644 1222 1459 1224 1464 1227 1460 1229 1296 1230 1297 1234 1302 1235 1298 1236 1301 1238 1303 1239 1304 1246 1308 1250 1144 1251 1145 1254 1309 1256 1147 1257 1148 1260 1150 1262 1314 1264 1152 1282 897 1292 772 1293 773 1308 2301 1311 2307 1320 2170 1325 2172 1326 2171 1327 2173 1328 2174 1333 2001 1337 2009 1339 2012 1341 2017 1342 2016 1345 2179 1352 2018 1353 1803 1354 1804 1355 2024 1357 2023 1359 2026 1361 2027 1362 2028 1364 1807 1365 1810 1366 1808 1367 1815 1372 1639 1373 1641 1376 1643 1379 1648 1382 1467 1384 1651 1386 1653 1388 1470 1389 1475 1390 1473 1392 1483 1393 1480 1395 1481 1396 1484 1398 1486 1406 1313 1407 1317 1415 1328 1419 1331 1427 1173 1430 1037 1457 916 1490 2313 1504 2184 1507 2032 1509 2186 1520 1822 1522 2043 1523 2044 1527 1830 1533 1655 1534 1831 1536 1836 1537 1835 1542 1661 1543 1665 1548 1662 1552 1844 1560 1669 1562 1670 1563 1671 1564 1672 1582 1178 1607 1186 1613 1044 1619 1051 1626 1050 1637 2467 1642 2396 1643 2468 1644 2397 1645 2400 1648 2399 1651 2401 1653 2402 1658 2403 1661 2317 1666 2318 1669 2321 1680 2198 1687 2200 1700 2048 1701 2209 1702 2210 1703 2212 1706 2049 1707 2215 1708 2216 1709 2050 1711 2052 1717 1840 1724 1846 1728 1848 1731 1673 1740 1499 1755 1349 1796 1192 1826 1210 1828 1373 1843 2539 1846 2474 1858 2478 1859 2477 1860 2548 1864 2482 1868 2408 1870 2410 1871 2411 1873 2328 1874 2416 1875 2335 1877 2339 1878 2337 1883 2341 1886 2207 1894 2344 1895 2345 1896 2346 1900 2217 1903 2218 1904 2220 1910 2058 1911 2059 1915 2229 1987 1362 1988 1361 2025 1559 2030 1374 2031 1375 2047 2620 2062 2627 2064 2630 2065 2544 2079 2642 2084 2644 2096 2486 2097 2489 2105 2491 2108 2492 2118 2503 2123 2426 2127 2505 2150 2070 2178 1732 2205 1744 2242 2798 2244 2638 2253 2649 2255 2813 2256 2811 2265 2657 2266 2651 2267 2652 2268 2653 2272 2816 2278 2662 2279 2660 2280 2663 2281 2664 2282 2665 2287 2671 2301 2679 2303 2686 2305 2556 2307 2557 2347 2441 2351 2352 2363 2443 2364 2442 2374 2069 2377 2072 2386 1896 2392 1897 2393 1907 2395 1902 2459 2959 2470 2828 2472 2830 2482 2677 2487 2837 2491 2689 2552 2445 2562 2249 2565 2251 2765 2137 2865 2880 2868 2728 2878 2742 2888 2743 2967 2376 3553 3252 3566 3115 3597 3278 3605 3281 3610 3127 3627 2947 3632 2950 3748 3598 3783 3418 3804 3285 3806 3288 3807 3463 3809 3450 3814 3467 3816 3289 3820 3291 3827 3468 3829 3479 3830 3478 3831 3481 3834 3300 3853 3308 3854 3309 3864 3137 3871 3140 3873 2956 4020 3620 4022 3622 4028 3805 4034 3634 4035 3632 4042 3646 4044 3649 4056 3476 4059 3485 4068 3484 4075 3660 4081 3487 4082 3488 4086 3313 4088 3490 4089 3492 4090 3493 
119 1122 120 1123 124 965 125 966 193 716 249 981 250 980 253 4068 254 719 261 470 266 473 274 285 279 289 319 1437 320 1439 321 1438 322 1433 351 605 357 474 364 477 365 475 371 369 372 368 374 3908 375 3907 376 480 377 479 378 377 379 481 383 375 385 381 395 296 396 299 454 1454 486 855 490 731 491 607 497 739 507 612 511 615 512 614 520 488 521 486 526 490 527 489 528 495 535 498 537 395 538 394 588 1770 607 854 613 859 617 741 618 740 621 744 622 746 624 617 625 618 634 502 637 506 640 505 644 397 647 403 701 1773 720 1783 721 1784 726 1617 727 1618 756 864 760 868 762 867 767 621 773 627 775 514 777 631 778 515 827 2096 831 2100 832 2101 834 2105 835 2106 858 1307 868 1309 871 1310 872 1164 875 1006 876 1005 877 1167 879 1008 880 1012 881 1011 886 1007 888 874 889 871 890 876 893 878 894 881 895 882 904 759 911 633 912 634 915 637 1006 1477 1007 1476 1008 1626 1012 1627 1019 1481 1024 1311 1033 1169 1040 1017 1041 1016 1042 1019 1043 886 1044 885 1045 887 1046 1022 1048 764 1051 888 1124 2364 1131 2294 1132 2292 1175 2115 1188 1964 1194 1969 1202 1794 1205 1624 1206 1629 1209 1632 1210 1630 1211 1634 1214 1633 1219 1488 1220 1489 1224 1486 1229 1316 1231 1325 1234 1175 1236 1025 1238 1177 1239 1026 1312 2293 1316 2367 1317 2366 1320 2307 1347 2116 1355 2119 1359 1970 1361 2126 1362 2127 1364 1973 1373 1637 1378 1641 1379 1642 1386 1490 1392 1182 1396 1187 1489 2372 1490 2371 1504 2132 1507 2137 1510 2133 1511 2142 1512 2139 1513 2138 1521 1807 1527 1646 1536 1648 1537 1647 1645 2460 1648 2458 1649 2459 1651 2462 1661 2374 1662 2376 1666 2378 1668 2318 1670 2320 1676 2322 1679 2234 1680 2235 1682 2239 1687 2143 1697 2147 1700 1979 1701 1982 1702 1983 1705 1809 1719 1651 1843 2615 1863 2464 1867 2323 1870 2379 1871 2380 1872 2381 1875 2245 1886 2149 2065 2620 2094 2465 2095 2467 2108 2386 2115 2390 2243 2726 2302 2638 2305 2530 2306 2531 2307 2533 2308 2534 















23 330 102 59 106 60 132 3884 169 66 195 3798 201 273 227 815 228 814 235 705 251 358 277 1099 287 817 289 818 290 819 294 821 295 822 316 592 317 593 332 289 338 296 365 1098 367 1102 374 1101 375 1109 376 1103 377 1111 378 1112 383 1114 408 836 423 363 425 473 429 474 436 369 438 476 439 475 440 3907 441 3908 446 374 447 377 448 481 450 381 455 299 461 301 464 303 485 1268 488 1113 491 1275 495 1274 499 1115 500 1281 501 1282 503 1123 514 969 515 965 516 966 525 842 536 600 537 602 538 729 540 604 544 605 545 607 557 480 559 612 560 613 566 488 567 495 570 486 571 489 572 490 575 497 578 386 580 390 581 394 582 395 588 397 590 407 591 406 592 401 628 1576 630 1406 632 1407 633 1408 638 1412 643 1278 644 1277 647 1414 649 1420 650 1283 652 1286 669 980 670 981 683 855 690 739 693 609 700 743 701 746 703 618 706 617 709 502 710 622 779 1734 783 1742 787 1580 791 1418 819 1137 826 990 827 989 836 853 837 854 842 859 850 4089 851 745 858 621 861 627 868 633 872 520 875 521 876 4020 882 639 937 1743 942 1753 948 1754 954 1433 958 1439 959 1438 972 1464 982 997 984 998 985 999 986 1000 994 864 995 868 1001 871 1002 876 1008 761 1072 1759 1079 1598 1080 1601 1097 1307 1100 1163 1104 1162 1106 1164 1108 1004 1111 1006 1112 1005 1113 1008 1114 1167 1119 1013 1120 1007 1121 1169 1125 881 1126 882 1128 1017 1129 1018 1130 1015 1131 1021 1132 1020 1133 1019 1135 884 1136 887 1137 1022 1139 888 1142 890 1146 766 1148 771 1149 770 1150 901 1237 1931 1239 1933 1240 1932 1248 1945 1254 1771 1264 1778 1265 1779 1268 1616 1274 1785 1275 1617 1276 1618 1281 1472 1286 1309 1287 1310 1288 1311 1291 1312 1292 1313 1294 1168 1296 1316 1301 1025 1302 1175 1303 1177 1304 1026 1307 1178 1308 1028 1313 1039 1314 902 1315 903 1394 2071 1399 2081 1400 2080 1404 2088 1426 1620 1439 1477 1440 1476 1443 1626 1446 1628 1450 1481 1457 1315 1463 1487 1464 1486 1465 1321 1468 1326 1472 1328 1474 1179 1475 1331 1483 1182 1488 1191 1489 1197 1490 1335 1576 2196 1579 2210 1587 2092 1588 2093 1590 2096 1591 2097 1593 2098 1594 2100 1595 2101 1627 1794 1630 1798 1631 1623 1632 1624 1636 1630 1640 1634 1641 1637 1644 1489 1648 1642 1653 1490 1797 1964 1805 1969 1807 1973 1814 1974 1819 1805 1820 1804 1827 1644 1830 1646 1833 1814 1835 1647 1836 1648 1837 1649 2009 2222 2021 2122 2024 2119 2026 1970 2027 2126 2028 2127 2029 2128 2030 2129 2032 2137 2037 1977 2039 2140 2047 1810 2048 1979 2051 1984 2177 2312 2180 2228 2181 2316 2184 2132 2191 2230 2194 2141 2198 2235 2199 2236 2200 2143 2207 2149 2209 1982 2210 1983 2212 1989 2312 2370 2317 2374 2318 2378 2327 2240 2332 2242 2333 2241 2334 2243 2335 2245 2342 2248 2344 2259 2345 2258 2404 2375 2406 2377 2410 2379 2411 2380 2418 2330 2422 2389 2492 2386 2503 2397 2556 2530 2557 2533 2632 2725 2643 2733 2656 2737 2663 2630 2685 2638 2688 2639 2689 2640 2994 2905 3194 3051 3399 3394 3579 3404 3779 3412 3796 3418 3797 3417 3861 3629 3867 3580 3872 256 3873 257 3874 3789 3932 179 3933 180 3962 3608 3963 62 3973 3582 3974 3583 3977 4050 3995 354 3997 3807 4003 3712 4012 4051 4015 3963 4016 3964 4020 356 4036 3648 4048 3966 4049 3967 4057 3892 4058 3893 4066 3814 4069 366 4070 3748 4076 373 4079 290 4084 3755 4086 288 4090 295 4091 298 4092 297 
















178 259 327 923 330 996 334 930 373 335 450 936 494 427 510 359 520 367 522 2947 524 293 581 1016 582 1017 635 444 636 443 637 450 640 451 644 375 766 531 902 3153 1026 751 1028 755 1030 649 1031 3246 1032 3152 1131 1216 1176 872 1177 753 1182 875 1185 764 1186 765 1191 878 1198 3323 1292 1300 1320 956 1486 1057 1492 964 1494 1070 1496 3463 1642 1060 1646 1156 1647 1066 1650 1068 1802 1309 1808 1260 1809 1158 1810 1263 1978 1318 1981 1319 1983 1323 1984 1268 1986 3584 1989 1324 1992 1270 2138 1424 2143 1427 2148 1322 2150 1434 2152 3697 2230 1522 2237 1531 2241 1534 2242 1535 2243 1537 2249 1550 2250 1551 2251 3776 2255 3777 2330 1659 2407 3945 3578 134 3590 485 3591 396 3609 140 3621 492 3652 571 3655 574 3667 260 3668 263 3692 712 3714 267 3756 333 3788 926 3789 927 3791 825 3796 713 3799 594 3803 599 3810 501 3823 418 3825 342 3829 351 3830 349 3836 355 3876 1001 3877 1002 3878 1006 3880 935 3882 1007 3883 1008 3884 1018 3892 607 3893 608 3901 416 3902 415 3912 425 3913 431 3914 432 3916 361 3925 363 3927 2942 3928 2944 3929 2943 3931 292 3932 364 3933 366 3936 2952 3960 3477 3969 727 3970 828 3974 835 3987 509 3988 510 3989 511 3990 512 3997 515 3998 514 4000 433 4005 436 4006 437 4008 438 4012 439 4013 440 4015 441 4017 445 4020 372 4021 2950 4024 3006 4049 3538 4059 841 4060 842 4073 732 4076 612 4081 618 4082 617 4087 516 4092 519 

















136 102 137 103 344 350 352 282 353 281 361 284 364 219 366 225 368 227 370 222 434 370 438 290 446 298 450 294 513 530 516 461 517 462 532 384 534 382 538 387 613 534 623 541 650 480 652 389 654 481 740 775 749 569 760 485 763 577 868 675 870 672 874 681 875 581 879 593 881 592 883 697 956 788 960 787 971 809 1062 799 1063 933 1065 800 1066 934 1067 803 1072 805 1073 3376 1145 1151 1149 1042 1156 1050 1158 1053 1159 1052 1160 1051 1161 944 1256 1157 1257 1159 1258 1158 1259 1160 1260 1166 1261 1044 1265 1054 1266 1055 1267 1058 1270 1177 1315 3679 1317 1263 1323 3681 1324 1278 1432 1274 1434 1276 1439 1374 1537 1482 1544 1492 1546 1495 1547 1494 1552 3795 1557 3867 1558 1504 1559 1505 1658 1497 1660 1600 1661 1601 1662 1613 1663 3954 1729 4028 1735 1700 1738 1703 1739 1705 1742 1709 1744 1713 1746 1717 1751 1726 1839 1822 1841 1824 1842 1830 1909 1930 1911 1932 1998 2020 2106 2219 2110 2223 2111 2224 2207 2220 2209 2296 2211 2299 2450 2488 2455 2596 2549 2600 2550 2599 2736 2851 2738 100 2894 209 2927 268 2928 269 2929 3025 2933 206 2934 2958 2935 275 2942 287 2943 2914 2944 2913 2945 2916 2946 224 2947 221 2950 228 2953 2923 2955 2924 2986 356 2987 360 2989 363 2990 361 2992 3028 2994 366 2996 362 2998 372 3005 3042 3006 292 3009 299 3010 2981 3014 2983 3057 457 3058 458 3059 460 3060 535 3062 365 3063 3039 3065 466 3068 375 3070 3044 3071 380 3074 3050 3075 3053 3076 379 3077 381 3079 3059 3080 3058 3081 3061 3082 3062 3121 645 3125 538 3126 542 3127 540 3128 544 3130 543 3131 546 3132 545 3133 551 3134 552 3136 553 3139 3102 3140 3097 3141 471 3142 475 3146 3055 3151 479 3152 486 3153 388 3207 654 3210 3163 3213 660 3214 550 3217 3166 3218 3243 3219 666 3220 3244 3223 665 3224 555 3226 558 3228 560 3230 563 3231 565 3235 567 3236 568 3237 571 3239 3174 3240 3175 3244 578 3245 3180 3246 3109 3249 3110 3250 3111 3251 587 3255 3190 3260 3191 3301 667 3302 673 3309 671 3313 677 3314 3179 3316 3259 3317 3260 3320 3187 3324 591 3327 3266 3328 3268 3329 3270 3385 3343 3386 3344 3387 789 3390 3348 3391 3349 3392 793 3393 3351 3395 3350 3398 3360 3399 798 3401 3352 3402 3264 3405 3265 3406 801 3408 3274 3450 922 3451 1032 3452 927 3455 930 3456 929 3457 3437 3459 3439 3460 936 3461 3363 3462 940 3463 3365 3465 948 3466 3451 3469 3378 3501 1034 3502 1035 3504 3592 3505 3532 3506 3521 3510 932 3512 1041 3514 1047 3515 3444 3516 3540 3519 3536 3520 3542 3522 3546 3524 3449 3572 3595 3578 1163 3579 1164 3580 3607 3581 1056 3582 3549 3589 3614 3591 1184 3592 3617 3593 3555 3595 3621 3628 3680 3630 3676 3631 3675 3632 3677 3634 3682 3635 3685 3636 3688 3640 3687 3641 3693 3642 3690 3643 3691 3646 3697 3685 3778 3688 3775 3689 3776 3693 3684 3695 3788 3697 1370 3699 1282 3703 3698 3769 3856 3770 3857 3775 3858 3776 3790 3777 3791 3778 3794 3843 3940 3844 3937 3845 3938 3849 3936 3851 3864 3853 3942 3854 3945 3856 3948 3857 1599 3859 1598 3860 3949 3865 3953 3936 4033 3938 4035 3942 4038 3943 4040 3945 4041 3948 1730 3960 4055 4024 1814 4027 1821 
674 1539 1317 688 1536 925 1547 927 1552 3899 1742 1110 1839 1210 1929 1233 1972 1436 1988 1461 2014 1140 2346 1351 2350 1349 2630 2216 2633 2218 3015 65 3314 197 3390 357 3396 269 3397 268 3398 270 3461 3417 3462 370 3514 476 3515 3489 3580 3686 3583 3582 3630 3685 3631 3684 3632 681 3634 3692 3635 700 3640 702 3641 3696 3642 703 3643 704 3760 1011 3762 3877 3766 3880 3770 3887 3775 3889 3841 3968 3842 3975 3847 3891 3849 3974 3860 3982 3929 4061 4019 1179 4090 1301 4091 1300 4095 1312 


















1047 476 1050 477 1161 678 1162 679 1172 684 1173 589 1175 696 1261 682 1262 687 1263 688 1268 820 1272 690 1274 826 1278 698 1350 905 1353 821 1354 907 1473 1003 1476 909 1479 1010 1487 926 1494 927 1495 928 1497 1017 1498 934 1503 941 1594 1021 1602 1023 1603 1024 1608 1031 1610 1033 1611 1035 1613 1037 1696 1099 1701 1103 1709 1110 1710 1111 1719 1118 1720 1208 1721 1119 1726 4081 1727 1125 1813 1190 1816 1198 1817 1197 1822 1210 1824 1209 1831 1220 1834 1218 1835 1337 1923 1202 1930 1332 1931 1333 1934 1341 1935 1338 1937 1342 1940 1345 2103 1643 2106 1649 2206 1802 2215 1810 2219 1910 2222 1914 2227 1912 2296 1989 2299 1997 2381 2085 2467 2325 2468 2326 2473 2426 2474 2425 2481 2205 2482 2204 2483 2339 2485 2206 2586 2422 3091 3288 3095 189 3099 187 3243 255 3248 262 3252 354 3257 3315 3341 3396 3346 3406 3348 357 3349 356 3350 3399 3351 3400 3352 3407 3433 461 3435 3478 3436 464 3437 466 3440 3479 3441 3480 3442 3488 3444 3489 3518 575 3519 3569 3521 3571 3522 579 3531 583 3532 578 3536 468 3538 3486 3547 3579 3548 3580 3600 582 3602 3674 3603 3676 3604 3677 3606 3683 3609 3689 3670 816 3671 817 3672 818 3675 3684 3676 3685 3679 3777 3681 692 3682 3692 3684 3790 3685 700 3687 702 3690 703 3691 704 3693 3696 3763 3774 3764 3864 3767 908 3769 3780 3770 3781 3771 3865 3775 911 3776 910 3777 3782 3780 3877 3782 3786 3783 3787 3793 3895 3795 3899 3850 913 3851 1012 3852 3876 3853 3880 3854 925 3856 3886 3857 3887 3858 3889 3859 931 3863 3888 3936 3974 3938 3970 3939 3975 3941 3979 3946 3977 3947 3978 3949 3982 3953 1034 3954 3988 3955 3998 4030 4066 4031 4067 4034 1112 4035 4070 4038 4074 4041 4078 
77 811 83 576 146 814 149 699 287 368 375 487 477 502 572 610 692 628 739 1549 793 735 935 743 1047 868 1055 968 1056 971 1353 1196 1494 1301 1495 1302 1594 1311 1709 1455 1923 1587 1964 1232 2146 1488 2148 1494 2149 1491 2314 1632 2315 1631 2817 80 2854 468 2863 92 2915 262 2916 269 2969 370 2973 479 2978 382 2981 277 3030 592 3058 391 3089 599 3104 506 3108 504 3178 621 3181 511 3182 510 3192 522 3263 623 3264 629 3339 733 3341 730 3347 844 3349 726 3350 739 3352 737 3353 740 3358 630 3359 631 3362 635 3364 748 3437 846 3443 864 3444 860 3445 751 3448 879 3449 754 3457 648 3521 954 3538 867 3540 869 3542 872 3543 878 3546 871 3547 873 3612 977 3613 981 3681 1091 3685 1096 3694 1101 3763 1193 3767 1197 3769 1195 3775 1201 3776 1200 3851 1293 3852 1208 3853 1295 3854 1210 3942 1309 4026 1443 4030 1453 4032 1570 



















23 269 113 485 116 487 183 606 190 497 191 498 197 622 200 515 308 297 345 722 356 726 361 735 362 736 369 743 376 757 378 647 465 852 466 846 467 856 468 866 473 859 475 875 476 868 485 889 486 892 590 968 591 974 676 1078 679 1085 680 1086 683 970 689 1093 692 1091 711 1101 712 1102 714 1110 820 1089 821 1196 822 1202 836 1116 838 902 906 1281 908 1197 910 1200 911 1201 922 1296 923 1205 924 1206 925 1210 927 1301 928 1302 937 1219 946 1221 950 1220 993 1431 1003 1288 1006 1291 1012 1293 1021 1311 1033 1317 1037 1321 1088 1441 1094 1447 1098 1570 1110 1455 1111 1456 1112 1462 1117 1458 1118 1460 1130 1473 1140 1226 1152 1130 1183 1688 1184 1687 1192 1579 1195 1577 1196 1581 1199 1584 1201 1585 1202 1587 1209 1595 1217 1606 1219 1602 1227 1612 1310 1686 1320 1694 1322 1593 1323 1696 1325 1697 1326 1698 1331 1702 1332 1704 1336 1608 1337 1610 1339 1710 1340 1714 1342 1721 1350 1491 1351 1492 1426 1790 1440 1802 1442 1812 1443 1811 1445 1809 1450 1814 1467 1819 1471 1705 1472 1707 1474 1825 1480 1832 1499 1838 1506 1498 1507 1497 1599 2043 1606 1912 1607 1913 1616 1918 1617 1919 1618 1917 1623 1921 1624 1922 1629 1924 1634 1826 1635 1827 1639 1931 1640 1932 1641 1933 1645 1936 1654 1942 1659 1944 1660 1943 1667 1954 1761 2060 1762 2059 1775 1927 1777 1929 1782 2065 1784 2069 1785 2070 1786 2071 1791 2073 1793 1935 1794 2074 1807 2084 1808 2085 1814 1968 1889 2207 1891 2208 1893 2210 1895 2090 1899 2213 1900 2091 1909 2219 1910 2097 1912 2221 1915 2228 1916 2227 1965 2200 1967 2288 1968 2289 1971 2290 1974 2293 1977 2295 1978 2296 1980 2299 1981 2300 1983 2303 1988 2220 1998 2229 2046 2354 2061 2357 2062 2366 2064 2368 2066 2302 2071 2373 2072 2374 2076 2380 2077 2381 2089 2383 2090 2384 2091 2314 2159 2467 2171 2473 2184 2480 2187 2482 2190 2486 2195 2488 2196 2489 2197 2490 2200 2385 2203 2509 2204 2514 2213 2397 2216 2398 2219 2323 2220 2321 2260 2722 2295 2586 2296 2587 2298 2588 2321 2510 2322 2511 2323 2605 2324 2606 2337 2512 2338 2608 2339 2607 2340 2619 2346 2624 2414 2903 2415 2904 2416 2781 2419 2905 2420 2911 2421 2787 2422 2788 2430 2625 2431 2626 2437 2627 2438 2630 2439 2629 2449 2409 2489 2907 2492 3073 2493 3074 2507 2924 2508 2925 2509 2914 2510 2915 2512 2918 2515 2921 2516 2922 2519 2930 2524 2520 2526 2521 2527 2522 2533 2413 2537 2419 2542 2417 2543 2416 2617 3265 2623 2523 2625 2637 2626 2636 2627 2641 2628 2640 2629 2524 2630 2638 2632 2642 2740 3086 2741 3278 2743 3093 2744 3092 2755 2804 2757 2807 2971 3286 2999 3097 3106 273 3145 370 3148 377 3166 104 3185 483 3192 490 3207 397 3238 601 3243 499 3244 609 3246 608 3251 511 3255 514 3256 518 3260 520 3261 519 3299 716 3301 718 3303 723 3306 616 3321 630 3322 631 3388 729 3396 730 3398 738 3399 739 3404 844 3405 845 3418 748 3422 751 3468 848 3469 947 3485 863 3486 867 3490 869 3491 870 3492 871 3513 529 3569 952 3571 954 3572 958 3573 959 3574 962 3579 873 3581 971 3585 980 3596 659 3671 1072 3679 964 3680 1080 3681 1081 3682 1083 3690 976 3693 1097 3695 1099 3696 1103 3771 1191 3774 1193 3779 1194 3780 1195 3783 1203 3792 1107 3813 904 3859 1285 3860 1284 3876 1208 3891 1305 3893 1213 3900 1216 3911 994 3948 1429 3949 1430 3958 1438 3962 1436 3965 1292 3968 1446 3971 1306 3972 1307 3982 1313 3991 1325 3992 1327 3996 1324 4055 1439 4056 1440 4060 1443 4061 1448 4062 1449 4064 1451 4065 1450 4066 1453 4078 1464 4079 1467 4081 1468 4082 1472 4086 1469 
485 2031 925 2500 1017 2644 1033 2652 1100 2807 1104 2808 1117 2817 1122 2658 1127 2663 1140 2374 1143 2065 1196 2818 1201 2820 1216 2834 1244 2385 1337 3017 1348 2384 1349 2527 1350 2530 1351 2529 1353 2244 1479 3140 1482 3014 1506 2387 1507 2388 1621 3245 1623 3246 1649 3263 1654 3275 1744 3350 1761 3358 1762 3355 1767 3356 1768 3357 1778 3256 1787 3365 1789 3366 1794 3372 1798 3377 1805 3387 1810 3393 1888 3491 1894 3495 1910 3399 1915 3515 1916 3514 1974 3607 1977 3608 1978 3610 1979 3611 1983 3613 1984 3502 1986 3615 1987 3618 1990 3508 1993 3621 1994 3620 1996 3517 1998 3520 2061 3709 2066 3711 2074 3713 2088 3624 2219 3524 2220 3525 3157 1480 3192 1653 3243 1662 3299 1989 3362 807 3364 817 3365 818 3398 2001 3399 2002 3415 2006 3423 2016 3485 2176 3486 2188 3497 2022 3550 1014 3578 2339 3579 2195 3583 2201 3684 2345 3685 2344 3687 2343 3693 2349 3699 2350 3714 1522 3784 2488 3785 2493 3786 2494 3801 2369 3882 2497 3888 2501 3896 2507 3904 2509 3966 2629 3969 2634 3976 2640 4018 2224 4020 2043 4068 2647 4072 2656 4073 2655 4077 2657 




















156 642 174 1454 175 1455 234 830 357 1960 358 1959 373 1641 374 1642 377 1647 453 1055 457 1062 467 1968 469 1969 473 1971 479 1649 482 1651 489 1654 490 1653 494 1660 499 1662 556 1211 558 1212 578 2146 585 1976 590 1978 591 1979 592 1980 595 1975 600 1985 602 1987 609 1829 611 1836 619 1838 634 1851 708 1981 712 2156 713 2160 716 1989 723 1990 738 2001 739 2002 747 2009 749 2015 750 2014 757 1862 802 1389 807 1393 821 2315 822 2316 827 2318 861 2175 863 2176 867 2188 873 2195 882 2023 956 2183 966 2341 977 2203 982 2204 1087 2344 1088 2345 1120 2215 1208 2492 1431 2792 1446 2800 1458 2817 1573 2976 1578 2982 1579 2983 1580 2984 1581 2818 1583 2824 1588 2993 1657 2566 1695 2990 1793 3109 1797 3240 1798 3114 1800 3117 1801 3118 1808 3119 1813 3125 1883 2755 1916 3243 1920 3244 1921 3246 1922 3247 1942 3275 2059 3355 2060 3358 2065 3363 2193 3483 2198 3487 2203 3491 2293 3607 2302 3711 2303 3613 2357 3709 2360 3708 2379 3715 2502 3909 2509 3904 2510 3903 2511 3902 2602 3910 2603 3911 2625 3912 2626 3913 2818 3829 2822 3842 2825 3848 2826 3846 2827 3847 2965 3969 2966 3971 2981 3982 2985 3984 2988 3987 2989 3854 3001 3994 





















5 552 6 553 90 555 92 818 94 823 135 173 267 370 272 376 281 209 282 211 289 384 401 856 402 857 431 610 433 606 435 612 439 620 457 387 462 641 473 401 475 650 536 1376 601 862 609 873 610 883 613 879 621 889 622 888 640 893 641 895 645 898 646 897 654 909 661 662 670 675 682 692 683 702 684 701 685 688 691 709 806 1158 819 902 823 1166 824 1167 827 906 828 905 833 1179 836 1171 839 916 851 926 862 930 867 925 868 932 873 682 875 936 876 685 877 686 879 942 881 938 884 694 890 966 892 715 901 722 903 736 904 740 983 1160 984 1161 985 1163 996 1176 1007 1505 1008 1502 1014 1186 1019 1187 1020 1181 1021 1193 1022 1196 1024 1512 1047 1203 1052 1202 1053 1211 1059 1209 1087 1215 1088 1214 1101 997 1106 1011 1162 1786 1183 1524 1188 1516 1189 1517 1191 1518 1198 1527 1199 1528 1206 1538 1215 1540 1220 1218 1224 1230 1242 1237 1256 1242 1257 1257 1261 1022 1348 1796 1349 1539 1366 1799 1367 1804 1369 1553 1379 1548 1385 1569 1386 1566 1387 1567 1388 1555 1403 1253 1406 1256 1411 1591 1416 1266 1417 1267 1428 1275 1464 2745 1465 2746 1473 2747 1474 2604 1475 2748 1530 1806 1534 2051 1535 1813 1543 2054 1548 1828 1564 1827 1578 1602 1589 1849 1593 1613 1595 1620 1617 1632 1618 1310 1619 1309 1640 2743 1647 2895 1648 2894 1649 2899 1650 2897 1651 2902 1655 2901 1657 2752 1658 2754 1660 2755 1661 2756 1718 2059 1724 2079 1730 2073 1738 2083 1782 1644 1783 1643 1786 1885 1791 1646 1797 1655 1817 2906 1818 2905 1819 2908 1822 2910 1823 2911 1833 2914 1835 2915 1838 2920 1899 2084 1930 2136 1931 1882 1933 1888 1973 3074 1974 3075 1975 3076 1976 3243 1979 3247 1983 3252 1995 3082 2006 2924 2021 2930 2121 2149 2126 2152 2131 1919 2152 3249 2156 3419 2157 3250 2159 3258 2271 2356 2272 2357 2273 2360 2281 2370 2282 2365 2283 2364 2293 2177 2319 3429 2363 3293 2440 2376 2474 3599 2588 2682 2591 2526 2594 2530 2595 2532 2598 2540 2599 2537 2771 2698 2851 3664 2954 2855 2957 2851 2961 2860 3076 3028 3077 3210 3090 2865 3095 3042 3261 3989 3459 3566 






















10 188 17 191 20 194 34 21 63 37 138 703 172 445 175 447 176 202 189 211 192 212 196 209 206 218 211 225 213 227 215 220 217 36 221 39 222 40 224 43 227 49 361 720 366 723 378 454 385 230 389 466 393 241 394 242 399 238 405 247 406 246 414 252 415 253 432 255 434 259 435 260 446 262 454 64 455 63 490 81 602 727 603 731 605 737 622 740 638 470 639 471 642 473 658 479 669 488 670 491 671 490 676 497 684 500 696 266 706 509 724 276 734 279 745 290 747 291 750 293 775 96 864 1060 874 736 875 1066 889 743 892 746 899 1078 915 750 917 1089 918 1088 919 754 920 753 923 751 928 758 933 760 947 508 949 764 963 514 967 512 969 518 972 776 977 780 988 525 989 524 992 521 993 522 1002 531 1015 530 1027 550 1028 309 1044 318 1045 317 1047 332 1154 1428 1159 1433 1164 1080 1165 1093 1168 1094 1169 1086 1174 1096 1182 1099 1205 1104 1207 1109 1208 1110 1221 1125 1226 781 1228 787 1232 793 1233 794 1240 536 1241 537 1251 807 1254 810 1255 811 1261 548 1265 829 1285 553 1287 555 1299 569 1306 574 1314 343 1315 345 1514 1106 1521 1439 1529 1108 1533 1121 1540 1120 1542 1122 1547 1131 1559 1135 1575 1158 1577 817 1586 1159 1587 1176 1588 1175 1590 833 1603 1171 1607 1177 1618 852 1620 853 1634 859 1639 867 1654 585 1657 879 1671 604 1676 617 1816 1460 1817 1461 1823 1458 1827 1468 1829 1477 1834 1479 1836 1184 1847 1492 1848 1187 1858 1190 1862 864 1866 1203 1869 1205 1874 1210 1875 1200 1889 882 1900 892 1903 891 1911 609 1914 905 1917 900 1922 614 1923 613 1924 612 1929 615 1930 910 1937 619 2055 1772 2063 1780 2066 1481 2077 1781 2087 1496 2104 1495 2110 1515 2132 1530 2146 1243 2147 1261 2148 1262 2162 1274 2197 951 2346 1552 2349 1555 2351 1564 2358 1565 2361 1568 2373 1581 2377 1584 2381 1301 2384 1586 2386 1294 2394 1308 2397 1314 2484 1804 2497 1813 2498 1821 2523 1830 2533 1847 2534 1601 2536 1599 2538 1605 2539 1607 2544 1621 2549 1609 2550 1316 2551 1317 2562 1639 2569 1645 2570 1629 2571 1630 2678 1839 2696 1852 2707 1869 2709 1870 2710 1637 2719 1878 2851 2049 2855 2042 2857 1890 2858 1889 2862 2051 2871 1899 3038 2223 3053 2075 3057 2080 3232 2089 3404 2249 3575 2605 3740 2856 3743 2606 3754 2614 3755 2615 3886 2852 3887 2853 3899 2860 4048 3047 4049 3048 4053 3053 4054 3057 4057 3049 4058 3050 4061 2864 4062 2863 4071 2873 4074 3075 4075 3076 4081 2877 
27 885 52 73 222 495 235 102 374 896 447 533 670 919 671 918 672 523 713 540 725 125 742 546 743 547 880 1615 900 1617 923 1284 977 937 1223 1297 1241 939 1251 957 1283 574 1574 1324 1659 222 1664 215 1944 270 2162 635 2163 634 2188 649 2374 1069 2389 657 2397 683 2533 1384 2551 688 2693 1394 2719 1119 2842 1668 2862 1428 2872 1439 3052 1444 3057 1447 3215 1897 3582 1743 3722 2303 3731 2307 3748 2098 3754 1931 3878 2581 3889 2583 3911 2113 4049 2321 4081 2130 4082 2131 























50 102 58 112 213 889 222 490 250 518 261 531 269 537 271 115 277 122 283 536 285 545 295 132 298 140 302 548 305 138 308 152 311 147 312 164 313 165 315 166 327 160 328 159 329 161 330 162 331 167 483 917 490 918 491 919 498 922 511 542 516 934 520 931 523 552 530 556 534 559 537 939 538 940 540 561 541 560 543 566 558 579 563 591 565 577 566 582 572 179 573 187 578 198 581 600 590 203 611 236 615 237 620 240 621 238 751 1284 780 937 787 948 791 1309 806 953 807 957 812 1308 813 952 817 1313 818 959 821 961 825 963 827 968 828 967 831 969 832 970 835 974 847 587 850 590 859 986 872 595 873 596 877 602 883 1007 884 1008 888 613 889 612 893 616 906 619 907 252 918 631 927 269 933 278 934 280 935 261 936 260 937 263 945 272 947 273 948 274 949 276 950 275 954 288 955 289 959 304 966 298 1135 1321 1144 1628 1146 1312 1148 1317 1149 1318 1153 1319 1154 1323 1163 1325 1164 1334 1165 1336 1221 1004 1233 1010 1239 1016 1243 1026 1244 1027 1245 1028 1247 1030 1251 1033 1252 1034 1253 625 1258 630 1259 629 1266 1044 1267 1055 1268 1054 1269 1045 1273 633 1274 635 1278 637 1282 1041 1283 1060 1284 1061 1285 1062 1287 636 1289 644 1295 641 1296 653 1297 654 1298 660 1299 659 1313 672 1314 683 1315 668 1317 688 1318 685 1319 315 1321 677 1327 320 1332 324 1356 341 1358 362 1360 358 1361 359 1365 360 1466 1638 1471 1646 1479 1642 1485 1655 1544 1049 1548 1051 1550 1340 1551 1348 1563 1350 1569 1058 1573 1355 1574 1356 1577 1363 1588 1070 1589 1071 1595 1368 1603 1083 1604 1084 1609 1077 1613 1085 1617 1091 1618 1090 1625 1099 1626 1100 1631 1104 1641 1106 1644 1116 1650 697 1651 701 1659 708 1661 706 1662 707 1672 348 1673 351 1674 350 1676 363 1677 729 1682 369 1683 368 1824 1359 1831 1370 1832 1385 1841 1396 1847 1384 1850 1392 1853 1410 1854 1391 1866 1415 1878 1119 1884 1418 1888 1421 1892 1420 1893 1432 1896 1126 1897 1127 1901 1128 1902 1437 1903 1438 1904 1446 1908 1133 1912 1140 1913 1445 1915 1144 1921 1149 1924 1158 1927 735 1931 1166 1933 738 1934 750 1935 754 2027 1666 2040 1682 2041 1681 2044 1675 2045 1677 2047 1684 2051 1428 2056 1687 2057 1686 2058 1688 2059 1689 2060 1700 2061 1699 2062 1690 2065 1698 2080 1447 2081 1453 2082 1451 2084 1455 2087 1462 2089 1464 2094 1174 2103 758 2104 1181 2106 1182 2216 1881 2222 1706 2229 1886 2230 1885 2236 1712 2237 1714 2239 1718 2240 1719 2242 1721 2251 1727 2252 1474 2256 1487 2393 2291 2394 1891 2395 2073 2397 2075 2398 1897 2401 2078 2412 1736 2413 1909 2414 1911 2415 1748 2423 1758 2590 2076 2602 2088 2609 2094 2612 2095 2614 1931 2616 1932 2617 1933 2619 1934 2620 1936 2624 1950 2625 1954 2631 1776 2632 1959 2633 1965 2842 2301 2846 2303 2848 2310 2860 2313 2871 2119 2872 2118 2874 2122 2876 2124 2877 2130 2880 2126 3030 2569 3035 2886 3044 2587 3047 2314 3048 2321 3052 2593 3070 2334 3071 2333 3082 2341 3090 2144 3093 2137 3200 2890 3206 2893 3208 2903 3212 2592 3214 2896 3215 2910 3216 2911 3219 2602 3222 2603 3231 2596 3240 2615 3253 2349 3263 2629 3269 2351 3270 2352 3272 2627 3273 2628 3375 3277 3376 3279 3377 3280 3381 3084 3384 3087 3385 3089 3387 3085 3388 3091 3389 3096 3391 3107 3393 2905 3394 2904 3396 2908 3399 2909 3403 3102 3404 3103 3405 3104 3413 2912 3414 2913 3421 3120 3428 2919 3442 2933 3444 2930 3449 2637 3464 2649 3470 2654 3471 2375 3562 3282 3565 3462 3570 3466 3584 3296 3585 3297 3593 3117 3595 3301 3597 3306 3601 3307 3626 3137 3629 3138 3645 2652 3782 3702 3786 3464 3789 3706 3790 3465 3792 3469 3799 3483 3812 3495 3815 3311 3819 3497 3820 3502 3821 3501 3826 3324 3833 3331 3840 3328 3862 3335 3863 3334 3865 3147 3876 3155 3900 3161 4006 3714 4008 3720 4013 3722 4015 3728 4020 3723 4022 3725 4023 3739 4024 3730 4025 3731 4031 3732 4034 3734 4038 3735 4044 3509 4049 3514 4050 3517 4053 3743 4067 3526 4073 3527 4089 3345 
























1683 64 1869 219 1888 236 1890 238 1891 239 1893 78 1905 86 1920 93 1922 95 2080 240 2108 249 2302 455 2314 465 2315 472 2335 273 2336 274 2341 280 2344 285 2345 286 2411 1500 2495 1039 2513 1056 2526 1054 2532 838 2533 839 2542 841 2568 636 2591 482 2602 658 2604 486 2618 496 2622 504 2623 303 2627 301 2634 309 2635 310 2648 319 2713 1766 2733 1534 2735 1537 2742 1541 2747 1551 2752 1554 2753 1555 2784 1289 2785 1288 2886 867 2900 663 2914 676 2916 681 2920 514 2921 515 2929 519 2930 520 2931 521 2934 523 2940 522 2965 1561 3081 1118 3082 1117 3084 1112 3085 880 3087 883 3092 878 3104 889 3108 893 3110 1124 3117 900 3120 687 3134 911 3137 704 3138 705 3146 716 3149 718 3150 721 3151 720 3276 1610 3288 1123 3304 1130 3314 1136 3330 1149 3331 1156 3342 726 3343 732 3464 1839 3466 1614 3468 1346 3470 1615 3474 1620 3479 1352 3481 1358 3483 1622 3501 1374 3506 1373 3508 1382 3511 1383 3515 1389 3516 1390 3517 1385 3518 1152 3522 1386 3523 1393 3542 955 3546 954 3716 1624 3719 1631 3725 1851 3732 1640 3745 1651 3751 1396 3754 1403 3770 1413 3771 1678 3774 1418 3777 1422 3971 2157 3986 2009 3989 1864 3992 1872 4000 1869 4008 1878 4021 1670 4033 1685 4040 1428 4047 1434 4052 1437 4053 1439 4054 1440 4058 1443 4060 1449 4061 1448 4072 1451 4075 1456 

























