0 1 0.43902
0 24 0.53846
1 2 0.48980
1 24 0.42708
2 3 0.23457
2 4 0.27119
2 24 0.39796
3 4 0.30458
4 5 0.28902
4 6 0.35714
4 7 0.47143
5 6 0.34400
5 7 0.29655
5 8 0.30526
5 9 0.30189
6 7 0.25240
6 8 0.27517
6 9 0.32653
7 8 0.26316
7 9 0.25309
7 10 0.33846
7 11 0.32727
8 9 0.22054
8 10 0.37374
8 11 0.36250
9 10 0.34310
9 11 0.41593
9 12 0.36364
10 11 0.28295
11 12 0.27097
11 14 0.60000
12 13 0.21951
12 14 0.25000
13 14 0.41078
13 15 0.34545
14 15 0.28289
15 16 0.26277
16 17 0.34152
17 18 0.45783
17 19 0.35537
18 19 0.32759
18 20 0.32941
19 20 0.25984
20 21 0.75966
21 22 0.88148
21 23 0.88889
22 23 0.99761
23 24 0.85586
