0 1 147
6 354
7 198
9 5
10 9
14 200
16 202
17 448
19 16
27 20
28 19
56 229
67 49
70 50
78 254
81 250
82 251
88 257
89 56
91 252
97 68
103 90
105 95
108 89
109 268
110 269
112 275
113 276
114 91
115 92
116 277
118 274
119 104
122 103
128 279
129 110
140 125
147 300
149 132
150 311
151 140
152 321
154 322
160 139
161 307
167 319
168 318
169 331
171 163
173 436
174 336
193 165
213 194
219 352
221 199
223 357
224 11
225 358
226 204
228 359
232 369
242 372
243 238
247 380
248 381
252 384
259 241
260 379
261 248
267 258
272 255
273 256
274 260
277 261
278 70
286 400
288 401
295 289
308 294
310 496
313 421
316 419
317 430
318 431
324 329
327 428
343 333
353 445
354 446
355 447
365 454
378 386
379 391
380 393
381 394
382 395
387 475
391 413
392 487
393 488
395 412
396 415
398 491
408 420
413 425
424 442
425 506
429 449
434 513
453 527
454 463
455 464
458 461
460 469
462 470
467 480
471 478
472 482
478 540
484 501
490 505
493 548
495 507
522 543
530 547
531 544
532 545
533 549
536 512
539 585
543 524
546 562
547 561
548 567
549 566
550 572
552 576
553 575
560 580
562 608
564 628
579 615
582 595
600 638
605 627
606 624
609 635
618 649
0 2 46
14 6
19 7
42 20
78 236
104 86
105 85
109 84
110 92
111 93
112 94
113 95
114 96
115 97
116 101
118 91
174 161
201 573
217 1
219 182
225 5
242 311
243 209
247 201
248 202
259 45
260 198
273 58
274 56
279 233
288 240
295 100
378 199
379 211
387 328
388 329
389 332
453 403
460 322
462 323
467 411
496 446
536 400
546 500
547 466
579 529
589 559
0 3 0
0 4 0
0 5 73
14 4
21 182
27 190
97 99
99 101
103 102
109 103
111 105
112 106
113 107
116 113
118 110
119 111
138 126
149 350
178 281
198 170
228 178
234 370
240 319
243 70
246 214
247 221
260 220
272 239
273 232
274 240
278 100
279 242
284 250
286 243
288 104
291 339
295 116
308 257
309 121
321 135
337 358
344 291
354 301
379 332
380 334
381 333
390 340
391 347
396 258
407 383
408 388
429 363
458 375
467 377
470 378
478 423
483 393
484 434
495 398
506 376
536 473
543 494
546 447
548 451
550 455
551 454
579 496
582 498
583 499
589 486
594 476
595 477
597 495
607 506
610 497
618 523
0 6 0
0 7 78
7 153
9 15
14 157
26 28
27 166
30 36
39 44
69 53
97 78
101 84
105 94
109 93
110 96
112 97
113 98
116 100
118 105
119 99
122 104
149 252
160 127
162 263
219 152
220 289
225 293
226 159
227 163
228 296
238 364
243 192
246 198
247 321
248 322
259 207
272 218
273 219
274 220
277 222
279 226
286 227
288 228
295 241
316 354
317 275
352 371
360 301
365 307
368 384
374 317
382 330
389 337
391 347
395 248
396 348
398 448
413 358
422 422
424 372
453 396
462 331
467 342
471 340
478 452
489 459
490 423
517 408
530 488
536 465
546 471
547 439
549 473
550 476
579 510
583 478
594 521
595 520
597 505
606 530
0 8 13
63 70
122 100
218 470
274 230
277 95
350 183
398 383
478 430
504 466
549 412
552 425
553 426
597 447
0 9 42
14 190
63 231
78 235
101 76
103 68
104 258
105 259
108 89
109 265
110 266
112 267
113 268
114 269
115 270
116 276
118 274
119 275
122 281
129 285
219 183
259 236
274 261
279 383
286 387
287 388
288 389
295 397
353 356
380 256
391 491
395 414
461 474
462 475
467 533
471 536
472 487
473 484
542 604
547 571
579 613
609 625
617 630
0 10 34
14 180
33 200
48 32
64 218
78 224
79 225
103 66
104 231
105 230
109 243
112 245
113 244
116 248
118 247
119 73
129 265
158 298
219 181
273 363
274 226
276 370
284 241
287 372
288 374
365 335
377 448
380 364
420 406
424 424
435 473
461 446
506 486
579 550
597 549
1 2 93
16 7
60 76
91 96
92 97
95 85
195 181
200 6
219 29
230 27
231 28
234 25
238 209
241 45
242 47
246 224
256 58
259 73
260 56
265 234
267 83
268 84
269 92
270 241
274 91
275 94
276 95
277 101
280 99
281 98
289 100
310 123
313 138
318 126
322 270
352 182
357 298
358 5
360 390
362 191
363 192
366 304
367 305
372 311
379 198
380 201
381 202
382 204
383 203
386 199
391 211
394 221
397 227
401 240
412 250
413 337
415 338
417 251
419 255
436 366
440 379
461 317
469 322
470 323
473 326
475 328
478 330
479 331
480 411
491 347
506 445
511 393
513 392
514 457
524 212
527 403
528 404
544 449
545 450
557 402
561 466
562 500
571 412
595 506
610 523
614 527
615 529
622 536
623 559
626 538
634 525
635 544
649 566
652 576
1 3 0
1 4 0
1 5 36
24 26
68 99
70 100
90 102
104 111
111 122
200 4
204 298
215 55
255 239
256 232
259 93
260 240
274 110
275 106
276 107
277 113
280 115
289 116
293 510
294 257
359 178
379 220
401 104
402 244
413 347
449 363
461 375
507 398
562 447
567 451
572 455
595 498
615 496
635 508
649 523
1 6 0
1 7 135
13 162
60 60
62 55
64 213
68 78
95 94
103 104
104 99
105 101
118 110
128 114
132 252
136 89
139 127
146 138
147 139
158 273
159 274
198 153
200 157
204 159
207 301
214 175
238 192
241 207
242 201
253 206
255 218
256 219
260 220
261 222
265 223
267 91
268 93
269 96
274 105
275 97
276 98
277 100
280 235
281 236
282 237
288 197
289 241
292 231
302 352
305 128
307 262
308 265
309 264
310 124
311 130
323 260
324 261
325 268
352 152
358 293
359 296
366 169
367 170
379 320
380 321
381 322
389 318
391 328
392 319
395 330
397 225
400 227
401 228
402 229
412 248
413 347
415 348
419 354
423 353
425 358
426 359
428 360
429 355
430 275
441 373
442 372
445 375
446 374
454 307
458 313
462 469
466 323
469 332
470 331
473 399
476 334
478 340
479 341
480 342
491 448
496 254
511 425
512 465
516 381
526 389
527 396
534 444
535 406
536 407
540 452
546 463
558 470
561 439
562 471
566 473
571 477
572 476
573 475
575 447
576 446
577 445
581 498
585 503
596 474
599 512
607 514
609 502
610 520
614 526
615 510
622 513
624 530
625 531
635 525
637 538
645 545
649 546
653 553
1 8 27
4 15
7 16
17 32
103 100
204 179
230 199
231 200
238 305
256 225
280 238
281 237
397 93
402 106
413 123
461 322
466 312
469 326
470 231
478 235
479 236
540 430
566 412
575 426
576 425
625 483
634 479
646 500
1 9 59
13 181
80 90
89 89
90 68
91 269
92 270
93 80
94 81
95 259
96 79
98 73
103 281
104 275
105 271
106 85
109 94
110 285
200 190
209 186
215 217
241 236
260 261
265 384
268 265
269 266
274 274
275 267
276 268
277 276
279 284
280 279
289 397
352 183
359 195
393 256
394 381
400 387
401 389
402 390
412 414
413 491
414 492
441 444
445 356
468 472
469 473
470 475
471 476
473 482
475 481
478 536
480 533
482 487
561 571
571 573
572 572
615 613
634 626
646 636
1 10 35
80 63
90 66
93 67
95 230
96 68
103 259
104 73
105 249
106 75
108 257
109 258
110 265
200 180
221 31
254 224
256 363
260 226
268 243
274 247
275 245
276 244
277 248
280 256
352 181
359 187
393 364
397 371
401 374
412 455
413 452
441 425
442 424
444 326
574 537
615 550
2 3 44
1 395
6 5
15 205
21 15
32 215
34 39
40 222
76 226
84 67
93 71
101 75
112 90
126 127
132 137
181 313
184 399
207 218
208 219
237 352
240 70
255 258
281 152
284 296
298 400
299 459
307 468
322 416
332 348
337 249
365 381
366 382
379 457
381 456
403 417
409 483
411 426
494 554
515 551
519 521
520 522
527 533
552 585
553 584
557 586
2 4 0
2 5 21
56 240
58 232
73 93
84 103
91 110
93 105
94 106
95 107
99 115
100 116
101 113
198 220
201 221
209 70
211 332
233 242
240 104
337 347
345 461
520 494
529 496
2 6 0
2 7 43
6 157
56 220
58 219
72 221
83 91
84 93
85 94
91 105
92 96
94 97
95 98
98 236
99 235
100 241
101 100
123 124
182 152
207 191
211 328
227 225
233 226
234 223
240 228
322 332
323 331
326 399
328 333
329 334
330 340
331 341
332 337
337 347
347 448
403 396
411 342
412 477
434 254
465 440
466 439
500 471
527 526
529 510
566 546
2 8 13
27 199
28 200
45 218
55 224
58 225
72 94
99 238
209 305
317 322
331 236
342 340
382 12
393 401
2 9 44
6 190
19 214
32 193
33 192
45 236
55 254
56 261
57 262
77 278
80 370
81 369
84 265
85 259
86 258
87 257
91 274
92 266
94 267
95 268
96 269
97 270
99 279
100 397
101 276
183 180
221 381
230 472
233 383
234 384
236 235
240 389
250 490
322 473
323 475
326 482
327 467
328 481
337 491
403 468
410 528
411 533
412 573
515 603
521 609
2 10 21
6 180
56 226
72 228
77 246
84 243
85 230
86 231
87 232
91 247
94 245
95 244
99 256
101 248
182 181
184 1
236 224
240 374
343 150
529 550
573 306
574 307
3 4 44
15 25
19 34
25 46
26 47
30 43
31 51
32 52
40 61
42 63
54 72
55 73
70 93
71 96
78 128
97 345
125 140
128 148
129 147
138 159
215 420
222 376
228 390
235 326
236 325
242 245
246 338
247 339
264 352
343 314
395 206
410 419
412 456
413 457
416 381
431 433
433 475
459 479
460 480
478 485
482 469
495 473
542 492
551 503
588 524
3 5 0
3 6 0
3 7 0
3 8 0
3 9 0
3 10 0
4 5 0
4 6 0
4 7 0
4 8 0
4 9 0
4 10 0
5 6 32
14 26
19 28
20 29
65 52
177 122
213 54
241 144
256 150
264 151
319 190
336 198
338 72
378 248
379 247
380 250
383 211
389 219
408 330
420 288
422 258
423 256
454 293
455 259
460 305
462 302
463 303
480 333
483 335
493 334
495 338
523 378
525 389
5 7 38
1 15
4 157
70 192
103 93
104 228
106 97
107 98
110 105
111 99
113 100
115 235
116 241
174 288
178 296
186 163
196 36
198 44
214 198
232 219
239 218
240 220
242 226
243 227
244 229
298 159
332 328
343 341
347 347
362 426
397 300
424 446
446 469
455 476
467 458
468 490
495 505
496 510
508 525
5 8 0
5 9 15
28 523
103 265
104 389
106 267
107 268
110 274
111 275
113 276
115 279
167 25
225 237
242 383
243 387
244 390
494 592
5 10 0
6 7 0
6 8 0
6 9 0
6 10 0
7 8 74
18 37
43 194
79 87
89 60
104 100
116 91
117 92
122 249
162 45
166 189
168 50
181 303
205 213
207 218
208 80
218 224
219 225
221 94
222 95
223 232
225 93
229 106
233 206
234 207
235 238
236 237
239 317
240 318
243 334
244 319
263 252
275 258
296 284
307 294
317 307
323 312
324 220
328 219
331 231
332 326
337 239
340 235
341 236
347 123
348 245
353 250
354 385
355 346
358 342
360 344
361 345
390 405
396 325
397 324
404 375
412 341
424 435
425 401
436 374
438 446
446 425
447 426
448 383
449 384
452 430
469 466
473 412
476 418
503 460
505 447
517 476
520 487
531 483
546 497
7 9 37
69 247
78 263
84 76
93 265
94 259
96 266
97 267
98 268
99 275
100 276
101 271
104 281
105 274
113 119
152 183
162 181
168 187
207 236
220 261
223 384
226 383
227 387
228 389
229 390
235 279
241 397
296 195
331 475
332 473
337 483
342 533
373 444
399 482
439 571
476 572
477 573
510 613
7 10 22
69 235
93 243
94 230
97 245
98 244
100 248
101 249
104 259
105 247
152 181
157 180
219 363
220 226
221 228
223 366
228 374
372 424
373 425
388 447
505 549
510 550
532 553
8 9 17
50 187
106 390
199 218
200 219
210 436
214 237
218 236
224 254
230 261
231 475
232 384
238 279
241 487
325 468
419 613
479 626
500 636
8 10 0
9 10 90
15 3
38 49
49 42
50 44
66 53
68 66
72 59
79 68
80 67
82 69
83 70
84 74
85 75
90 63
94 258
95 85
98 82
105 92
106 264
117 98
123 105
153 147
154 151
159 133
172 154
173 311
183 181
189 186
190 180
194 16
195 187
200 200
201 9
237 349
256 364
257 232
258 231
259 230
261 226
265 243
267 245
268 244
271 249
274 247
275 73
276 248
278 246
279 256
281 259
285 265
325 295
327 146
337 301
338 150
341 408
343 310
344 309
346 314
356 332
357 191
359 342
360 343
371 351
378 358
384 366
385 227
388 372
389 374
414 455
433 404
434 405
435 403
437 6
443 336
444 425
449 335
450 471
474 446
487 451
491 452
494 502
502 467
503 468
559 510
560 511
579 530
603 553
613 550
639 558
643 566
